_id,descriptor_id,energy,fermi_level,total_mag,homo_lumo_gap_majority,lumo_majority,homo_majority,E_1_majority,homo_lumo_gap_minority,lumo_minority,homo_minority,E_1_minority,formation_energy,formation_energy_per_site,energy_per_atom,normalized_homo_majority,normalized_lumo_majority,normalized_homo_minority,normalized_lumo_minority,homo_lumo_gap_min,homo_lumo_gap_max,homo_min,homo_max,lumo_min,lumo_max,normalized_homo_min,normalized_homo_max,normalized_lumo_min,normalized_lumo_max
GaSe_In1Ga71Se70S1_1e596925-b8eb-4f25-bf99-c17ced2367b5,98c089d3-116f-498d-a4b0-8e2753659fa9,-548.21646928,-2.06796737,0.0003103,1.2924,-1.2903,-2.5827,-17.3337,1.2924,-1.2903,-2.5827,-17.3337,2.6621307199999364,0.8873769066666455,-3.833681603356643,0.2950000000000017,1.5874000000000024,0.2950000000000017,1.5874000000000024,1.2924,1.2924,-2.5827,-2.5827,-1.2903,-1.2903,0.2950000000000017,0.2950000000000017,1.5874000000000024,1.5874000000000024
GaSe_Ga71Se70_4b6fd04f-ae51-4538-9eed-320e45367da3,975317d4-991f-47f8-8a15-b554f6636ca2,-536.01771297,-2.43897346,0.4932973,1.0946,-1.4105,-2.5051,-18.0457,1.0448,-1.3636,-2.4084,-18.0451,8.01888702999986,2.6729623433332867,-3.8015440636170217,1.0846,2.1792000000000016,1.1807000000000016,2.2255000000000003,1.0448,1.0946,-2.5051,-2.4084,-1.4105,-1.3636,1.0846,1.1807000000000016,2.1792000000000016,2.2255000000000003
GaSe_Ga71Se70S1_087e33fc-ba29-429d-bcd2-cd37a30f341d,7fd95d30-2e31-4120-8d04-d3017a0ecad8,-542.85903245,-2.41165862,0.6795599,1.1632,-1.3349,-2.4981,-18.0665,1.1073000000000002,-1.248,-2.3553,-18.0656,5.304567550000002,1.7681891833333339,-3.822950932746479,1.112400000000001,2.2756000000000007,1.2543000000000006,2.3615999999999993,1.1073000000000002,1.1632,-2.4981,-2.3553,-1.3349,-1.248,1.112400000000001,1.2543000000000006,2.2756000000000007,2.3615999999999993
GaSe_In1Ga70Se71S1_bde28bf1-e040-496b-80b9-18511b63d7d6,35b0dad1-d5ab-4950-8a82-cb3a08837aec,-548.20755748,-2.64865819,0.8637406,1.6501,-1.1306,-2.7807,-18.0677,1.5194,-1.1294,-2.6488,-18.0681,3.130042519999961,1.0433475066666535,-3.833619283076923,0.8309999999999995,2.481099999999998,0.963300000000002,2.4827000000000012,1.5194,1.6501,-2.7807,-2.6488,-1.1306,-1.1294,0.8309999999999995,0.963300000000002,2.481099999999998,2.4827000000000012
GaSe_Ga71Se70S1_eed53980-4b0b-419e-a87c-a495e64df4f1,7fd95d30-2e31-4120-8d04-d3017a0ecad8,-542.72793431,-2.5484861,0.4319175,1.3178,-1.2767,-2.5945,-18.095,1.3088,-1.2751,-2.5839,-18.0952,5.435665689999951,1.8118885633333168,-3.8220277064084507,1.0444999999999993,2.362300000000001,1.055299999999999,2.3641000000000005,1.3088,1.3178,-2.5945,-2.5839,-1.2767,-1.2751,1.0444999999999993,1.055299999999999,2.362300000000001,2.3641000000000005
GaSe_In1Ga71Se70_1a7d1202-962a-4938-b22b-627581c1f450,4ca8f580-4832-4ddd-a82a-d3ac95ec1c52,-541.35868572,-2.0447332,0.0005552,1.2541,-1.3,-2.5541,-17.3205,1.2541,-1.3,-2.5541,-17.3205,5.3929142799999,1.7976380933333,-3.8123851107042257,0.31039999999999957,1.564499999999999,0.31039999999999957,1.564499999999999,1.2541,1.2541,-2.5541,-2.5541,-1.3,-1.3,0.31039999999999957,0.31039999999999957,1.564499999999999,1.564499999999999
GaSe_In1Ga70Se71S1_191a717f-e6e5-410f-8b58-bd6a610881fc,35b0dad1-d5ab-4950-8a82-cb3a08837aec,-548.20127236,-2.64069978,0.8796392,1.636,-1.1453,-2.7813,-18.0832,1.501,-1.1442,-2.6452,-18.0836,3.1363276399999904,1.0454425466666635,-3.8335753311888108,0.8459000000000021,2.481900000000003,0.9824000000000019,2.4833999999999996,1.501,1.636,-2.7813,-2.6452,-1.1453,-1.1442,0.8459000000000021,0.9824000000000019,2.481900000000003,2.4833999999999996
GaSe_In1Ga70Se71S1_de69b77c-6872-4811-a64e-9150686c7e2a,35b0dad1-d5ab-4950-8a82-cb3a08837aec,-548.20477347,-2.64118139,0.9026663,1.6469,-1.1311,-2.778,-18.114,1.4862,-1.1297,-2.6159,-18.1143,3.1328265299999885,1.044275509999996,-3.8335998144755243,0.8800000000000008,2.5269000000000013,1.0424000000000007,2.528600000000001,1.4862,1.6469,-2.778,-2.6159,-1.1311,-1.1297,0.8800000000000008,1.0424000000000007,2.5269000000000013,2.528600000000001
GaSe_Ga71Se70S1_a781386f-d22b-4efe-9a6a-73591d9ca2df,7fd95d30-2e31-4120-8d04-d3017a0ecad8,-542.70216016,-2.53002081,0.4240633,1.2636,-1.3111,-2.5747,-18.1036,1.2542,-1.3093,-2.5635,-18.1038,5.4614398400000255,1.8204799466666752,-3.8218461983098586,1.0729000000000006,2.336500000000001,1.0843000000000007,2.3385,1.2542,1.2636,-2.5747,-2.5635,-1.3111,-1.3093,1.0729000000000006,1.0843000000000007,2.336500000000001,2.3385
GaSe_Ga71Se70S1_f71fb5c7-915c-437c-bd04-b46180e04740,7fd95d30-2e31-4120-8d04-d3017a0ecad8,-542.84851517,-2.40876718,0.6789101,1.165,-1.3333,-2.4983,-18.0609,1.1074,-1.247,-2.3544,-18.06,5.3150848299999325,1.771694943333311,-3.8228768673943665,1.1066000000000003,2.2715999999999994,1.2495999999999992,2.3569999999999993,1.1074,1.165,-2.4983,-2.3544,-1.3333,-1.247,1.1066000000000003,1.2495999999999992,2.2715999999999994,2.3569999999999993
GaSe_Ga72Se69S1_90b1b09f-acf0-46e6-8173-a2e71c884054,17a0ecfb-3a0e-49aa-a9f7-bd9e6497f44d,-542.62035865,-2.07630174,0.0003573,1.2684000000000002,-1.3127,-2.5811,-17.3784,1.2684000000000002,-1.3127,-2.5811,-17.3784,5.084241349999957,1.6947471166666521,-3.8212701313380277,0.3413000000000004,1.6097000000000001,0.3413000000000004,1.6097000000000001,1.2684000000000002,1.2684000000000002,-2.5811,-2.5811,-1.3127,-1.3127,0.3413000000000004,0.3413000000000004,1.6097000000000001,1.6097000000000001
GaSe_Ga72Se69S2_50eaa5cb-d532-42c5-ba4b-7abc4230e6e7,8502017c-da62-4820-99ee-2dca4a8eff15,-549.42369961,-2.06606787,6.33e-05,1.3134,-1.2861,-2.5995,-17.3411,1.3134,-1.2861,-2.5995,-17.3411,2.407900390000009,0.8026334633333363,-3.8421237734965032,0.2856000000000023,1.5990000000000002,0.2856000000000023,1.5990000000000002,1.3134,1.3134,-2.5995,-2.5995,-1.2861,-1.2861,0.2856000000000023,0.2856000000000023,1.5990000000000002,1.5990000000000002
GaSe_In1Ga71Se70S2_e486dae7-3e98-484c-b411-f683a7f3d5b3,38dd6d27-f12e-49f9-a76e-bfb60cc7b58f,-554.97857138,-2.26936805,0.000401,1.7935,-1.0189,-2.8124,-17.3113,1.7935,-1.0189,-2.8124,-17.3114,0.02702862000001005,0.00900954000000335,-3.854017856805555,0.042899999999999494,1.8364000000000011,0.04299999999999926,1.836500000000001,1.7935,1.7935,-2.8124,-2.8124,-1.0189,-1.0189,0.042899999999999494,0.04299999999999926,1.8364000000000011,1.836500000000001
GaSe_Ga70Se71S1_0c898e1c-d523-49be-a129-b60c4e48b36d,006bd3da-66c4-4d37-bd44-69cea34e93a6,-542.7369722,-2.68828058,1.8007607,1.6525,-1.1618,-2.8143,-18.1183,1.523,-1.1597,-2.6827,-18.1185,5.885627799999952,1.9618759333333173,-3.8220913535211265,0.8480000000000025,2.5005000000000024,0.9798000000000009,2.5028000000000006,1.523,1.6525,-2.8143,-2.6827,-1.1618,-1.1597,0.8480000000000025,0.9798000000000009,2.5005000000000024,2.5028000000000006
GaSe_Ga71Se70S1_b1198923-3111-406a-8851-1d7a4e08e315,7fd95d30-2e31-4120-8d04-d3017a0ecad8,-542.76795334,-2.44609645,0.5865178,1.2197,-1.2997,-2.5194,-18.0364,1.1837,-1.2193,-2.403,-18.0364,5.395646660000011,1.7985488866666703,-3.82230953056338,1.061,2.2806999999999995,1.1774000000000004,2.3611000000000004,1.1837,1.2197,-2.5194,-2.403,-1.2997,-1.2193,1.061,1.1774000000000004,2.2806999999999995,2.3611000000000004
GaSe_In1Ga71Se70S1_6da2f8de-0172-41dd-a2bd-9cfe4d1d1971,98c089d3-116f-498d-a4b0-8e2753659fa9,-548.1912733,-2.09154803,0.0003529,1.3435999999999997,-1.2491,-2.5927,-17.3169,1.3435999999999997,-1.2491,-2.5927,-17.3169,2.6873266999998577,0.8957755666666193,-3.833505407692308,0.2682000000000002,1.6118000000000023,0.2682000000000002,1.6118000000000023,1.3435999999999997,1.3435999999999997,-2.5927,-2.5927,-1.2491,-1.2491,0.2682000000000002,0.2682000000000002,1.6118000000000023,1.6118000000000023
GaSe_Ga70Se71S1_cead36a4-febc-49da-8daa-49042d9451ba,006bd3da-66c4-4d37-bd44-69cea34e93a6,-542.69176054,-2.6714929,1.8078995,1.5512,-1.2318,-2.783,-18.1701,1.3599,-1.2288,-2.5887,-18.1704,5.930839459999902,1.976946486666634,-3.821772961549296,0.9311000000000025,2.482300000000002,1.125700000000002,2.4856000000000016,1.3599,1.5512,-2.783,-2.5887,-1.2318,-1.2288,0.9311000000000025,1.125700000000002,2.482300000000002,2.4856000000000016
GaSe_Ga71Se70S1_e13c7f7f-360c-4845-8630-343721c9f7ef,7fd95d30-2e31-4120-8d04-d3017a0ecad8,-542.95527977,-2.38578175,0.6213271,1.1268999999999998,-1.3219,-2.4488,-18.065,1.0766999999999998,-1.2475,-2.3242,-18.0644,5.208320230000027,1.7361067433333421,-3.8236287307746477,1.1602000000000015,2.2871000000000024,1.2842000000000002,2.360900000000001,1.0766999999999998,1.1268999999999998,-2.4488,-2.3242,-1.3219,-1.2475,1.1602000000000015,1.2842000000000002,2.2871000000000024,2.360900000000001
GaSe_In2Ga70Se71S1_5f31a7bc-4c39-491a-89bc-9238b4fe2393,fc541f42-0f90-4340-9beb-c1660b4d048d,-553.70046872,-2.31926048,0.0004312,1.8057,-0.9874,-2.7931,-17.2851,1.8057,-0.9874,-2.7931,-17.2851,0.3521312799999805,0.11737709333332684,-3.845142143888889,0.036000000000001364,1.8416999999999994,0.036000000000001364,1.8416999999999994,1.8057,1.8057,-2.7931,-2.7931,-0.9874,-0.9874,0.036000000000001364,0.036000000000001364,1.8416999999999994,1.8416999999999994
GaSe_Ga72Se69S1_5d17189b-29a8-4635-9df8-bafc96fd475b,17a0ecfb-3a0e-49aa-a9f7-bd9e6497f44d,-542.63924158,-2.07601845,0.0004224,1.1269000000000002,-1.4584,-2.5853,-17.4114,1.1269000000000002,-1.4584,-2.5853,-17.4114,5.065358419999939,1.6884528066666462,-3.8214031097183097,0.37010000000000076,1.4970000000000017,0.37010000000000076,1.4970000000000017,1.1269000000000002,1.1269000000000002,-2.5853,-2.5853,-1.4584,-1.4584,0.37010000000000076,0.37010000000000076,1.4970000000000017,1.4970000000000017
GaSe_In1Ga69Se72_93ba4321-f833-46a2-be25-7ad4c8782200,cfa77f74-58a7-48b5-ac80-bee03e36d337,-542.78825622,-2.65652544,0.4282568,1.626,-1.0289,-2.6549,-17.7023,1.5756,-1.0274,-2.603,-17.7022,4.881343779999952,1.6271145933333173,-3.822452508591549,0.5914000000000019,2.2174000000000014,0.643200000000002,2.2188000000000017,1.5756,1.626,-2.6549,-2.603,-1.0289,-1.0274,0.5914000000000019,0.643200000000002,2.2174000000000014,2.2188000000000017
GaSe_In1Ga71Se70S2_e3240276-3efe-4d46-a7a7-c334604ae1b2,38dd6d27-f12e-49f9-a76e-bfb60cc7b58f,-554.97890565,-2.27394123,0.0004282,1.7932,-1.0186,-2.8118,-17.3134,1.7932,-1.0186,-2.8118,-17.3134,0.026694349999957012,0.008898116666652337,-3.854020178125,0.04560000000000208,1.8388000000000027,0.04560000000000208,1.8388000000000027,1.7932,1.7932,-2.8118,-2.8118,-1.0186,-1.0186,0.04560000000000208,0.04560000000000208,1.8388000000000027,1.8388000000000027
GaSe_Ga70Se71S1_2c3e8e3b-15a7-4761-bb2b-439bd371b6a7,006bd3da-66c4-4d37-bd44-69cea34e93a6,-542.806923,-2.69487838,1.7053148,1.6663,-1.1415,-2.8078,-18.0924,1.5363,-1.1369,-2.6732,-18.0924,5.815676999999937,1.938558999999979,-3.8225839647887323,0.8286000000000016,2.4949000000000012,0.9632000000000023,2.499500000000001,1.5363,1.6663,-2.8078,-2.6732,-1.1415,-1.1369,0.8286000000000016,0.9632000000000023,2.4949000000000012,2.499500000000001
GaSe_Ga71Se70S1_613bd30a-3bc0-468f-a8e0-127719bf7f34,7fd95d30-2e31-4120-8d04-d3017a0ecad8,-543.92900317,-1.72343645,0.8994411,0.3820999999999999,-1.0677,-1.4498,-17.7763,0.1657999999999999,-1.4411,-1.6069,-17.7758,4.234596829999987,1.4115322766666623,-3.8304859378169014,1.8704999999999998,2.252600000000001,1.7129000000000012,1.878700000000002,0.1657999999999999,0.3820999999999999,-1.6069,-1.4498,-1.4411,-1.0677,1.7129000000000012,1.8704999999999998,1.878700000000002,2.252600000000001
GaSe_Ga72Se69S3_f0cf0804-3a2c-487a-985a-ef56f058f42e,df06cc05-f999-4409-8709-c9dc351aa717,-556.23380526,-2.28901227,0.0003713,1.7788000000000002,-1.0519,-2.8307,-17.3354,1.7789,-1.0518,-2.8307,-17.3354,-0.2752052600001207,-0.09173508666670689,-3.8627347587500003,0.04870000000000019,1.8275000000000006,0.04870000000000019,1.8276000000000003,1.7788000000000002,1.7789,-2.8307,-2.8307,-1.0519,-1.0518,0.04870000000000019,0.04870000000000019,1.8275000000000006,1.8276000000000003
GaSe_In1Ga70Se71_e7bceb3c-47b3-4481-90d0-686d6b882051,9df63941-8d83-429c-bad3-54244774725d,-541.44681268,-2.51997636,0.4902143,1.3095,-1.2629,-2.5724,-18.061,1.2944,-1.2616,-2.556,-18.0612,5.763787320000006,1.921262440000002,-3.8130057230985916,1.0326000000000004,2.342100000000002,1.049199999999999,2.3435999999999986,1.2944,1.3095,-2.5724,-2.556,-1.2629,-1.2616,1.0326000000000004,1.049199999999999,2.342100000000002,2.3435999999999986
GaSe_In2Ga70Se71_459017a4-b539-4554-9a20-07bed16b658d,1d7b5171-a80d-412b-a4e1-94fa4b465fcd,-546.96356642,-2.08128918,0.0004498,1.3457,-1.2248,-2.5705,-17.286,1.3457,-1.2248,-2.5705,-17.286,2.962033579999911,0.9873445266666371,-3.824920044895105,0.25950000000000273,1.6052,0.25950000000000273,1.6052,1.3457,1.3457,-2.5705,-2.5705,-1.2248,-1.2248,0.25950000000000273,0.25950000000000273,1.6052,1.6052
GaSe_In1Ga70Se71_bd8925a8-19d2-43c4-a626-3f5c241ec8c4,9df63941-8d83-429c-bad3-54244774725d,-541.7125123,-2.38171551,0.5490845,1.2188,-1.2166,-2.4354,-17.9519,1.1651,-1.1636,-2.3287,-17.9514,5.498087700000042,1.832695900000014,-3.8148768471830983,1.0604999999999993,2.279299999999999,1.1667000000000005,2.331800000000001,1.1651,1.2188,-2.4354,-2.3287,-1.2166,-1.1636,1.0604999999999993,1.1667000000000005,2.279299999999999,2.331800000000001
GaSe_Ga71Se70_12572439-8e59-4dba-bdf1-ab0c5981ae5e,975317d4-991f-47f8-8a15-b554f6636ca2,-535.99376567,-2.53320014,0.0048793,1.2293999999999998,-1.3391,-2.5685,-18.1058,1.2291,-1.3391,-2.5682,-18.1058,8.042834329999891,2.6809447766666303,-3.8013742246099294,1.0812999999999988,2.3107000000000006,1.0815999999999981,2.3107000000000006,1.2291,1.2293999999999998,-2.5685,-2.5682,-1.3391,-1.3391,1.0812999999999988,1.0815999999999981,2.3107000000000006,2.3107000000000006
GaSe_In2Ga70Se71_fc71485d-c788-4cd5-9661-df2ec459fb0e,1d7b5171-a80d-412b-a4e1-94fa4b465fcd,-546.90011686,-2.08634509,0.0005039,1.3525,-1.2155,-2.568,-17.2841,1.3525,-1.2155,-2.568,-17.2841,3.025483139999892,1.008494379999964,-3.824476341678322,0.26009999999999955,1.6126000000000005,0.26009999999999955,1.6126000000000005,1.3525,1.3525,-2.568,-2.568,-1.2155,-1.2155,0.26009999999999955,0.26009999999999955,1.6126000000000005,1.6126000000000005
GaSe_Ga71Se70_3b76d088-d156-4fc4-9571-37153ccdd836,975317d4-991f-47f8-8a15-b554f6636ca2,-536.12135632,-2.1488823,0.9867184,1.0400999999999998,-1.2856,-2.3257,-18.0831,0.6876,-1.2845,-1.9721,-18.0819,7.9152436799998895,2.6384145599999633,-3.8022791228368797,1.3014000000000028,2.3415000000000035,1.6538000000000004,2.3414,0.6876,1.0400999999999998,-2.3257,-1.9721,-1.2856,-1.2845,1.3014000000000028,1.6538000000000004,2.3414,2.3415000000000035
GaSe_In1Ga70Se71_ec1f22bd-f33a-4b16-bbaa-80f0470c223d,9df63941-8d83-429c-bad3-54244774725d,-541.624966,-2.10955646,0.9872119,0.8780999999999999,-1.408,-2.2861,-17.9741,0.5377000000000001,-1.3953,-1.933,-17.9731,5.585634000000027,1.861878000000009,-3.8142603239436617,1.232000000000001,2.110099999999999,1.5840999999999994,2.1218000000000004,0.5377000000000001,0.8780999999999999,-2.2861,-1.933,-1.408,-1.3953,1.232000000000001,1.5840999999999994,2.110099999999999,2.1218000000000004
GaSe_In1Ga71Se70S2_e6159726-88d6-4696-96e1-172ece92ce32,38dd6d27-f12e-49f9-a76e-bfb60cc7b58f,-554.97568595,-2.26523379,0.0003864,1.7946000000000002,-1.0186,-2.8132,-17.3206,1.7946000000000002,-1.0186,-2.8132,-17.3206,0.029914050000002135,0.009971350000000712,-3.8539978190972217,0.051399999999999224,1.846,0.051399999999999224,1.846,1.7946000000000002,1.7946000000000002,-2.8132,-2.8132,-1.0186,-1.0186,0.051399999999999224,0.051399999999999224,1.846,1.846
GaSe_Ga71Se70S2_afdff492-b7dd-4d83-b21b-310f907f0dc0,b73e3801-630f-4fdc-9057-9dc3a2e1a105,-549.48880261,-2.66169802,0.9083475,1.6758999999999995,-1.1325,-2.8084,-18.1906,1.5356,-1.1306,-2.6662,-18.1907,2.8017973899999333,0.9339324633333111,-3.842579039230769,0.9262000000000015,2.6021,1.0685000000000002,2.604099999999999,1.5356,1.6758999999999995,-2.8084,-2.6662,-1.1325,-1.1306,0.9262000000000015,1.0685000000000002,2.6021,2.604099999999999
GaSe_Ga72Se69S1_4628353f-97ba-4896-90fe-e74c6c8a2d29,17a0ecfb-3a0e-49aa-a9f7-bd9e6497f44d,-542.52649544,-2.07142947,0.0001026,0.9642000000000002,-1.5891,-2.5533,-17.3628,0.9642000000000002,-1.5891,-2.5533,-17.3628,5.178104559999952,1.7260348533333172,-3.8206091228169012,0.35350000000000037,1.3177000000000003,0.35350000000000037,1.3177000000000003,0.9642000000000002,0.9642000000000002,-2.5533,-2.5533,-1.5891,-1.5891,0.35350000000000037,0.35350000000000037,1.3177000000000003,1.3177000000000003
GaSe_In1Ga70Se71_e7dfea5e-6aa8-4c39-8600-d6966e9f35d5,9df63941-8d83-429c-bad3-54244774725d,-541.41822511,-2.50514669,0.4477289,1.2582000000000002,-1.2951,-2.5533,-18.0532,1.2486,-1.2852,-2.5338,-18.0534,5.792374890000019,1.9307916300000063,-3.8128044021830982,1.0439000000000007,2.3020999999999994,1.063600000000001,2.3122000000000007,1.2486,1.2582000000000002,-2.5533,-2.5338,-1.2951,-1.2852,1.0439000000000007,1.063600000000001,2.3020999999999994,2.3122000000000007
GaSe_Ga70Se71S1_0fdc7e98-fb60-463b-b226-7595037323a9,006bd3da-66c4-4d37-bd44-69cea34e93a6,-542.73578935,-2.68687767,1.7622951,1.6398,-1.1664,-2.8062,-18.1355,1.5164999999999995,-1.1629,-2.6794,-18.1358,5.886810649999916,1.9622702166666386,-3.8220830235915493,0.8733000000000004,2.5131000000000014,1.0004000000000008,2.5168999999999997,1.5164999999999995,1.6398,-2.8062,-2.6794,-1.1664,-1.1629,0.8733000000000004,1.0004000000000008,2.5131000000000014,2.5168999999999997
GaSe_In1Ga70Se71S1_42fa6ae2-54d0-466b-976d-f26dd79aad9e,35b0dad1-d5ab-4950-8a82-cb3a08837aec,-548.2025921,-2.6399199,0.9035684,1.6722,-1.114,-2.7862,-18.1045,1.5272,-1.1126,-2.6398,-18.1048,3.135007900000005,1.045002633333335,-3.83358456013986,0.8623000000000012,2.5345000000000013,1.0090000000000003,2.536200000000001,1.5272,1.6722,-2.7862,-2.6398,-1.114,-1.1126,0.8623000000000012,1.0090000000000003,2.5345000000000013,2.536200000000001
GaSe_In1Ga71Se70S2_6a0e2fb1-86d3-4d2d-af4b-3a21a984266d,38dd6d27-f12e-49f9-a76e-bfb60cc7b58f,-554.97468142,-2.26636558,0.0004272,1.7929,-1.0196,-2.8125,-17.3099,1.793,-1.0195,-2.8125,-17.3099,0.03091857999993408,0.010306193333311361,-3.8539908431944445,0.04139999999999944,1.834299999999999,0.04139999999999944,1.8343999999999987,1.7929,1.793,-2.8125,-2.8125,-1.0196,-1.0195,0.04139999999999944,0.04139999999999944,1.834299999999999,1.8343999999999987
GaSe_Ga71Se70S1_3fd1e81c-088d-4559-84d1-88b396c12907,7fd95d30-2e31-4120-8d04-d3017a0ecad8,-542.7341825,-2.50709976,0.4050458,1.2522,-1.2994,-2.5516,-18.0715,1.2401,-1.2915,-2.5316,-18.0717,5.4294175,1.8098058333333331,-3.8220717077464785,1.0639000000000003,2.3161000000000023,1.0840999999999994,2.324200000000001,1.2401,1.2522,-2.5516,-2.5316,-1.2994,-1.2915,1.0639000000000003,1.0840999999999994,2.3161000000000023,2.324200000000001
GaSe_In2Ga69Se72_23cf3fc8-afa9-4b7a-be8e-b006081a9dab,32f1438b-36b0-45af-bacf-608b8ef0e82d,-547.90430628,-2.6342789,0.0006836,1.5687,-1.1123,-2.681,-17.2947,1.5687,-1.1123,-2.681,-17.2947,2.4802937199999633,0.8267645733333211,-3.8314986453146855,0.1576999999999984,1.7263999999999982,0.1576999999999984,1.7263999999999982,1.5687,1.5687,-2.681,-2.681,-1.1123,-1.1123,0.1576999999999984,0.1576999999999984,1.7263999999999982,1.7263999999999982
GaSe_In1Ga70Se71S1_04794abd-3d3a-4200-b03c-705b77231eaa,35b0dad1-d5ab-4950-8a82-cb3a08837aec,-548.21601139,-2.65062615,0.8582503,1.6147,-1.1683,-2.783,-18.0657,1.4864,-1.1672,-2.6536,-18.0662,3.1215886100000034,1.0405295366666678,-3.833678401328671,0.8267000000000007,2.4414000000000016,0.9565999999999981,2.442999999999998,1.4864,1.6147,-2.783,-2.6536,-1.1683,-1.1672,0.8267000000000007,0.9565999999999981,2.4414000000000016,2.442999999999998
GaSe_Ga71Se70S1_0e8a9526-8e8e-418b-9927-6d3325277614,7fd95d30-2e31-4120-8d04-d3017a0ecad8,-542.73231542,-2.51309553,0.2519785,1.2658,-1.2776,-2.5434,-18.0813,1.2593,-1.2753,-2.5346,-18.0814,5.4312845800000105,1.8104281933333368,-3.8220585592957743,1.0818999999999992,2.3476999999999997,1.090799999999998,2.3500999999999976,1.2593,1.2658,-2.5434,-2.5346,-1.2776,-1.2753,1.0818999999999992,1.090799999999998,2.3476999999999997,2.3500999999999976
GaSe_In2Ga69Se72_e0a6284a-292d-47ae-9fb3-ea92db485ed6,32f1438b-36b0-45af-bacf-608b8ef0e82d,-546.96986861,-2.63348391,0.8864408,1.7101,-1.0628,-2.7729,-18.0627,1.5733,-1.061,-2.6343,-18.063,3.414731389999929,1.138243796666643,-3.8249641161538466,0.8338000000000001,2.5439000000000007,0.9726999999999997,2.5459999999999994,1.5733,1.7101,-2.7729,-2.6343,-1.0628,-1.061,0.8338000000000001,0.9726999999999997,2.5439000000000007,2.5459999999999994
GaSe_In1Ga71Se70_e8014865-1fd9-4522-87a4-dddde5e47df6,4ca8f580-4832-4ddd-a82a-d3ac95ec1c52,-541.29768863,-2.08140523,5.41e-05,0.9628,-1.5893,-2.5521,-17.3468,0.9628,-1.5893,-2.5521,-17.3468,5.453911369999901,1.8179704566666335,-3.811955553732395,0.3387000000000029,1.3015000000000025,0.3387000000000029,1.3015000000000025,0.9628,0.9628,-2.5521,-2.5521,-1.5893,-1.5893,0.3387000000000029,0.3387000000000029,1.3015000000000025,1.3015000000000025
GaSe_In2Ga70Se71_d2f70be8-9a2c-4640-8599-47fe28d141fc,1d7b5171-a80d-412b-a4e1-94fa4b465fcd,-546.92588906,-2.0944266,7.14e-05,1.3307999999999998,-1.2316,-2.5624,-17.2873,1.3307999999999998,-1.2316,-2.5624,-17.2873,2.9997109399998863,0.9999036466666288,-3.824656566853147,0.2688999999999986,1.5996999999999986,0.2688999999999986,1.5996999999999986,1.3307999999999998,1.3307999999999998,-2.5624,-2.5624,-1.2316,-1.2316,0.2688999999999986,0.2688999999999986,1.5996999999999986,1.5996999999999986
GaSe_In1Ga70Se71_0dc1ed7d-f0bc-4231-bcb9-8fed55579c7f,9df63941-8d83-429c-bad3-54244774725d,-541.80345822,-2.53917085,0.5561895,1.1944,-1.4037,-2.5981,-18.0518,1.1734999999999998,-1.403,-2.5765,-18.052,5.407141779999961,1.8023805933333203,-3.815517311408451,0.9977,2.1921,1.0195000000000007,2.1930000000000014,1.1734999999999998,1.1944,-2.5981,-2.5765,-1.4037,-1.403,0.9977,1.0195000000000007,2.1921,2.1930000000000014
GaSe_Ga72Se69S2_0e4e2860-1f69-4b3a-bfc9-cf6875d145f8,8502017c-da62-4820-99ee-2dca4a8eff15,-549.38980364,-2.04891161,0.0003121,1.2339,-1.3442,-2.5781,-17.364,1.2339,-1.3442,-2.5781,-17.364,2.441796360000012,0.813932120000004,-3.8418867387412585,0.3299000000000021,1.5638000000000005,0.3299000000000021,1.5638000000000005,1.2339,1.2339,-2.5781,-2.5781,-1.3442,-1.3442,0.3299000000000021,0.3299000000000021,1.5638000000000005,1.5638000000000005
GaSe_In1Ga70Se71_46359f60-9461-48b2-9a2e-4b756daf39b0,9df63941-8d83-429c-bad3-54244774725d,-541.57320637,-2.39569913,0.6564781,1.1707,-1.3104,-2.4811,-18.0393,1.1156,-1.2287,-2.3443,-18.0385,5.63739363000002,1.8791312100000066,-3.8138958195070423,1.1022000000000016,2.2729,1.238199999999999,2.3537999999999997,1.1156,1.1707,-2.4811,-2.3443,-1.3104,-1.2287,1.1022000000000016,1.238199999999999,2.2729,2.3537999999999997
GaSe_Ga70Se71S1_f5ad058f-7375-45b2-a581-03ae5ea13fdc,006bd3da-66c4-4d37-bd44-69cea34e93a6,-542.78766879,-2.68177204,1.8359834,1.5977,-1.2269,-2.8246,-18.1609,1.3427,-1.2255,-2.5682,-18.1613,5.834931209999922,1.9449770699999742,-3.8224483717605633,0.8803000000000019,2.4780000000000015,1.1371000000000002,2.479800000000001,1.3427,1.5977,-2.8246,-2.5682,-1.2269,-1.2255,0.8803000000000019,1.1371000000000002,2.4780000000000015,2.479800000000001
GaSe_In2Ga70Se71S1_d8d0e2fa-d5e7-44c5-b15d-3bd89e41c16c,fc541f42-0f90-4340-9beb-c1660b4d048d,-553.70219987,-2.25503477,0.0003602,1.8054,-0.9881,-2.7935,-17.3147,1.8054,-0.9881,-2.7935,-17.3147,0.35040013000002546,0.11680004333334182,-3.845154165763889,0.06519999999999904,1.8705999999999996,0.06519999999999904,1.8705999999999996,1.8054,1.8054,-2.7935,-2.7935,-0.9881,-0.9881,0.06519999999999904,0.06519999999999904,1.8705999999999996,1.8705999999999996
GaSe_Ga71Se70S1_9dd80dc9-5358-401f-9e8c-ec7e87b34f8e,7fd95d30-2e31-4120-8d04-d3017a0ecad8,-542.74338564,-2.49975065,0.4230429,1.2513999999999998,-1.2965,-2.5479,-18.0737,1.2356,-1.2785,-2.5141,-18.0739,5.420214359999932,1.8067381199999772,-3.8221365185915497,1.069799999999999,2.321200000000001,1.1037999999999997,2.3393999999999977,1.2356,1.2513999999999998,-2.5479,-2.5141,-1.2965,-1.2785,1.069799999999999,1.1037999999999997,2.321200000000001,2.3393999999999977
GaSe_In1Ga70Se71_9fb9bf0c-d665-4620-a5e3-4c85d9761064,9df63941-8d83-429c-bad3-54244774725d,-542.66982111,-1.71886389,0.9080067,0.4298000000000002,-1.0312,-1.461,-17.7583,0.1584999999999998,-1.4407,-1.5992,-17.7573,4.540778889999956,1.5135929633333187,-3.8216184585211272,1.8413000000000004,2.2711000000000006,1.7021000000000015,1.8606000000000016,0.1584999999999998,0.4298000000000002,-1.5992,-1.461,-1.4407,-1.0312,1.7021000000000015,1.8413000000000004,1.8606000000000016,2.2711000000000006
GaSe_In1Ga71Se70S2_59cfcb05-961a-4b79-b3ae-2dc6b4fcc8bd,38dd6d27-f12e-49f9-a76e-bfb60cc7b58f,-554.98253187,-2.2670774,0.0003435,1.7942,-1.0179,-2.8121,-17.3215,1.7942,-1.0179,-2.8121,-17.3215,0.023068129999956,0.007689376666652,-3.8540453602083335,0.05339999999999989,1.8476,0.05339999999999989,1.8476,1.7942,1.7942,-2.8121,-2.8121,-1.0179,-1.0179,0.05339999999999989,0.05339999999999989,1.8476,1.8476
GaSe_Ga71Se70S1_8da6e97a-5d74-4bd0-a9cf-687137ae161c,7fd95d30-2e31-4120-8d04-d3017a0ecad8,-543.03797145,-2.27633118,0.9710685,1.1947,-1.2393,-2.434,-18.0813,0.9357000000000002,-1.1854,-2.1211,-18.0812,5.125628549999988,1.708542849999996,-3.824211066549296,1.1912999999999982,2.3859999999999992,1.5040999999999993,2.439799999999998,0.9357000000000002,1.1947,-2.434,-2.1211,-1.2393,-1.1854,1.1912999999999982,1.5040999999999993,2.3859999999999992,2.439799999999998
GaSe_Ga70Se71_13cb1a0f-e682-489f-8b10-0f1014816ff2,03dc1e43-a4b5-4386-9333-d7813e949e05,-536.33485635,-2.17190886,0.0005347,0.7499,-1.1802,-1.9301,-18.054,0.75,-1.1801,-1.9301,-18.054,8.160743649999972,2.720247883333324,-3.8037933074468087,1.6678999999999995,2.4177999999999997,1.6678999999999995,2.4178999999999995,0.7499,0.75,-1.9301,-1.9301,-1.1802,-1.1801,1.6678999999999995,1.6678999999999995,2.4177999999999997,2.4178999999999995
GaSe_In1Ga71Se70S2_0571ca10-ecea-40b1-ad5b-caf5320b131e,38dd6d27-f12e-49f9-a76e-bfb60cc7b58f,-554.97110869,-2.33994748,0.0003751,1.7932,-1.0195,-2.8127,-17.3173,1.7932,-1.0195,-2.8127,-17.3173,0.03449130999990757,0.011497103333302524,-3.8539660325694447,0.04860000000000042,1.8417999999999992,0.04860000000000042,1.8417999999999992,1.7932,1.7932,-2.8127,-2.8127,-1.0195,-1.0195,0.04860000000000042,0.04860000000000042,1.8417999999999992,1.8417999999999992
GaSe_Ga72Se69S1_ed8c5c53-ce11-48e2-b65f-45d84bafd4f3,17a0ecfb-3a0e-49aa-a9f7-bd9e6497f44d,-542.58346402,-2.06467601,0.0003241,1.2120000000000002,-1.371,-2.583,-17.3632,1.2120000000000002,-1.371,-2.583,-17.3632,5.121135979999963,1.7070453266666543,-3.8210103099999997,0.3241999999999994,1.5361999999999991,0.3241999999999994,1.5361999999999991,1.2120000000000002,1.2120000000000002,-2.583,-2.583,-1.371,-1.371,0.3241999999999994,0.3241999999999994,1.5361999999999991,1.5361999999999991
GaSe_In1Ga71Se70S1_39dc6cb2-6432-4335-b726-e94a22eccf32,98c089d3-116f-498d-a4b0-8e2753659fa9,-548.16793865,-2.08478204,0.0003315,1.335,-1.2449,-2.5799,-17.3266,1.335,-1.2449,-2.5799,-17.3266,2.7106613499998957,0.9035537833332986,-3.8333422283216785,0.2906999999999993,1.6256999999999984,0.2906999999999993,1.6256999999999984,1.335,1.335,-2.5799,-2.5799,-1.2449,-1.2449,0.2906999999999993,0.2906999999999993,1.6256999999999984,1.6256999999999984
GaSe_In1Ga71Se70S2_fca621a1-4e6b-4082-ab41-a1594e47842f,38dd6d27-f12e-49f9-a76e-bfb60cc7b58f,-554.97295121,-2.34095895,0.0003862,1.7938000000000005,-1.019,-2.8128,-17.3091,1.7938000000000005,-1.019,-2.8128,-17.3091,0.032648789999939254,0.010882929999979751,-3.8539788278472225,0.040300000000002,1.834100000000003,0.040300000000002,1.834100000000003,1.7938000000000005,1.7938000000000005,-2.8128,-2.8128,-1.019,-1.019,0.040300000000002,0.040300000000002,1.834100000000003,1.834100000000003
GaSe_In1Ga71Se70S1_9a7933dc-52f2-410b-9599-8482919306d7,98c089d3-116f-498d-a4b0-8e2753659fa9,-548.16056539,-2.09267939,0.0004248,1.3496,-1.2281,-2.5777,-17.3407,1.3496,-1.2281,-2.5777,-17.3407,2.718034609999904,0.9060115366666347,-3.833290667062937,0.3069999999999986,1.6565999999999974,0.3069999999999986,1.6565999999999974,1.3496,1.3496,-2.5777,-2.5777,-1.2281,-1.2281,0.3069999999999986,0.3069999999999986,1.6565999999999974,1.6565999999999974
GaSe_Ga71Se70S1_db8af393-fa05-4425-82e3-580030a33976,7fd95d30-2e31-4120-8d04-d3017a0ecad8,-543.0271105,-2.27795854,0.969998,1.1550000000000002,-1.2786,-2.4336,-18.0454,0.8559999999999999,-1.2675,-2.1235,-18.0453,5.136489499999925,1.7121631666666417,-3.8241345809859157,1.155800000000001,2.3108000000000004,1.4658000000000015,2.3217999999999996,0.8559999999999999,1.1550000000000002,-2.4336,-2.1235,-1.2786,-1.2675,1.155800000000001,1.4658000000000015,2.3108000000000004,2.3217999999999996
GaSe_Ga70Se71_afd3df2b-55f0-4fde-8131-e0fe652f897f,03dc1e43-a4b5-4386-9333-d7813e949e05,-536.46115123,-2.16443412,0.0005142,0.5779999999999998,-1.8771,-2.4551,-18.0571,0.5779999999999998,-1.8771,-2.4551,-18.0571,8.034448769999926,2.6781495899999754,-3.8046890158156033,1.145999999999999,1.7240000000000002,1.145999999999999,1.7240000000000002,0.5779999999999998,0.5779999999999998,-2.4551,-2.4551,-1.8771,-1.8771,1.145999999999999,1.145999999999999,1.7240000000000002,1.7240000000000002
GaSe_In2Ga70Se71_34ea0361-fc6c-42e8-8639-36e4f9365d65,1d7b5171-a80d-412b-a4e1-94fa4b465fcd,-547.27491974,-2.04127635,0.000428,1.2398999999999998,-1.3221,-2.562,-17.3088,1.2398999999999998,-1.3221,-2.562,-17.3088,2.6506802599999446,0.8835600866666482,-3.8270973408391606,0.2908000000000026,1.5307000000000013,0.2908000000000026,1.5307000000000013,1.2398999999999998,1.2398999999999998,-2.562,-2.562,-1.3221,-1.3221,0.2908000000000026,0.2908000000000026,1.5307000000000013,1.5307000000000013
GaSe_In2Ga69Se72_7d3d29a2-68ff-45a7-ac69-1f550624d384,32f1438b-36b0-45af-bacf-608b8ef0e82d,-546.93532568,-2.62036377,0.908042,1.6339,-1.1305,-2.7644,-18.0489,1.4896,-1.1293,-2.6189,-18.0494,3.4492743199999722,1.1497581066666573,-3.824722557202797,0.8285,2.462399999999999,0.974499999999999,2.4640999999999984,1.4896,1.6339,-2.7644,-2.6189,-1.1305,-1.1293,0.8285,0.974499999999999,2.462399999999999,2.4640999999999984
GaSe_Ga71Se70_04d5736a-a5df-45a0-bda6-bcc2fb5552ed,975317d4-991f-47f8-8a15-b554f6636ca2,-535.94761845,-2.52057125,0.3096774,1.2331,-1.3311,-2.5642,-18.0703,1.2265,-1.3297,-2.5562,-18.0705,8.088981549999858,2.696327183333286,-3.8010469393617026,1.0501000000000005,2.283200000000001,1.0582999999999991,2.2848000000000006,1.2265,1.2331,-2.5642,-2.5562,-1.3311,-1.3297,1.0501000000000005,1.0582999999999991,2.283200000000001,2.2848000000000006
GaSe_In1Ga70Se71S1_767bc621-755c-4eef-ac72-187559b2a24f,35b0dad1-d5ab-4950-8a82-cb3a08837aec,-548.22543323,-2.64063223,0.8936875,1.6830999999999998,-1.1007,-2.7838,-18.158,1.5454,-1.0989,-2.6443,-18.1582,3.1121667699999307,1.0373889233333102,-3.8337442883216784,0.9182000000000023,2.601300000000002,1.0579000000000018,2.603300000000001,1.5454,1.6830999999999998,-2.7838,-2.6443,-1.1007,-1.0989,0.9182000000000023,1.0579000000000018,2.601300000000002,2.603300000000001
GaSe_Ga70Se71S1_3d7bf9a8-ef42-4a9b-b8a1-fea539462661,006bd3da-66c4-4d37-bd44-69cea34e93a6,-542.72932465,-2.68258865,1.7943964,1.6214,-1.19,-2.8114,-18.1549,1.4495,-1.1877,-2.6372,-18.1553,5.8932753499999535,1.964425116666651,-3.822037497535211,0.8875000000000028,2.5089000000000006,1.062100000000001,2.5116000000000014,1.4495,1.6214,-2.8114,-2.6372,-1.19,-1.1877,0.8875000000000028,1.062100000000001,2.5089000000000006,2.5116000000000014
GaSe_Ga71Se70_353f05c2-87e3-4fb4-884f-661b112ba41a,975317d4-991f-47f8-8a15-b554f6636ca2,-537.13225121,-1.73286453,0.8945736,0.4165000000000001,-1.4314,-1.8479,-17.798,0.1918999999999999,-1.4259,-1.6178,-17.7977,6.904348789999858,2.3014495966666195,-3.8094485901418444,1.4940999999999995,1.9105999999999987,1.7239000000000004,1.9158000000000008,0.1918999999999999,0.4165000000000001,-1.8479,-1.6178,-1.4314,-1.4259,1.4940999999999995,1.7239000000000004,1.9105999999999987,1.9158000000000008
GaSe_Ga71Se70S1_7ceb5b6f-e021-4e40-83ed-0c1b96837279,7fd95d30-2e31-4120-8d04-d3017a0ecad8,-542.74536764,-2.40303901,0.7890135,1.2604,-1.2589,-2.5193,-18.1167,1.1949999999999998,-1.1442,-2.3392,-18.1166,5.418232359999934,1.8060774533333113,-3.8221504763380283,1.1414000000000026,2.4018000000000015,1.3213999999999988,2.5163999999999973,1.1949999999999998,1.2604,-2.5193,-2.3392,-1.2589,-1.1442,1.1414000000000026,1.3213999999999988,2.4018000000000015,2.5163999999999973
GaSe_In1Ga71Se70S2_ebf1f377-ac6d-48b0-b019-4274c8981731,38dd6d27-f12e-49f9-a76e-bfb60cc7b58f,-554.96224464,-2.28372999,0.0003957,1.7932,-1.0198,-2.813,-17.312,1.7932,-1.0198,-2.813,-17.312,0.043355359999964094,0.014451786666654698,-3.8539044766666666,0.04300000000000104,1.8362000000000016,0.04300000000000104,1.8362000000000016,1.7932,1.7932,-2.813,-2.813,-1.0198,-1.0198,0.04300000000000104,0.04300000000000104,1.8362000000000016,1.8362000000000016
GaSe_In1Ga71Se70S2_3aa4f0a2-472b-4d4a-934f-cc2f2a6100be,38dd6d27-f12e-49f9-a76e-bfb60cc7b58f,-554.97018187,-2.33839358,0.0003699,1.793,-1.0196,-2.8126,-17.3136,1.793,-1.0196,-2.8126,-17.3136,0.03541812999992544,0.01180604333330848,-3.8539595963194446,0.045000000000001705,1.838000000000001,0.045000000000001705,1.838000000000001,1.793,1.793,-2.8126,-2.8126,-1.0196,-1.0196,0.045000000000001705,0.045000000000001705,1.838000000000001,1.838000000000001
GaSe_In2Ga69Se72_7ad7921e-5815-4d70-8160-b0141d71fc70,32f1438b-36b0-45af-bacf-608b8ef0e82d,-546.93890107,-2.61910854,0.8927903,1.672,-1.0898,-2.7618,-18.074,1.5355,-1.0884,-2.6239,-18.0743,3.445698929999935,1.1485663099999783,-3.82474755993007,0.8562000000000012,2.528200000000002,0.9944000000000024,2.5299000000000014,1.5355,1.672,-2.7618,-2.6239,-1.0898,-1.0884,0.8562000000000012,0.9944000000000024,2.528200000000002,2.5299000000000014
GaSe_In1Ga70Se71_6a039a54-375c-4c61-861a-cd7f3ce637c3,9df63941-8d83-429c-bad3-54244774725d,-542.52542277,-2.39044617,0.9397798,1.2366,-1.2884,-2.525,-17.6463,1.1236,-1.1325,-2.2561,-17.6365,4.685177230000022,1.5617257433333407,-3.8206015688028168,0.6653000000000002,1.9019000000000013,0.9244000000000021,2.048000000000002,1.1236,1.2366,-2.525,-2.2561,-1.2884,-1.1325,0.6653000000000002,0.9244000000000021,1.9019000000000013,2.048000000000002
GaSe_Ga71Se70S2_fe172daa-25a8-484a-bb76-6a5e0e355087,b73e3801-630f-4fdc-9057-9dc3a2e1a105,-549.4760802,-2.66407236,0.8597173,1.6526,-1.1473,-2.7999,-18.1178,1.5201000000000002,-1.146,-2.6661,-18.1182,2.814519799999971,0.938173266666657,-3.842490071328671,0.8618999999999986,2.514499999999998,0.996100000000002,2.5162000000000013,1.5201000000000002,1.6526,-2.7999,-2.6661,-1.1473,-1.146,0.8618999999999986,0.996100000000002,2.514499999999998,2.5162000000000013
GaSe_In1Ga70Se71_74203e27-a3f3-4cf9-9e7d-55081fd2bcef,9df63941-8d83-429c-bad3-54244774725d,-542.67324834,-2.3321245,0.9025145,1.1798999999999995,-1.2714,-2.4513,-17.5509,0.9738,-1.2392,-2.213,-17.5404,4.537351660000013,1.5124505533333377,-3.821642593943662,0.6435999999999993,1.8234999999999992,0.8714000000000013,1.845200000000002,0.9738,1.1798999999999995,-2.4513,-2.213,-1.2714,-1.2392,0.6435999999999993,0.8714000000000013,1.8234999999999992,1.845200000000002
GaSe_Ga70Se71S1_d00dedb3-a07e-467a-9c3f-c3e629422b83,006bd3da-66c4-4d37-bd44-69cea34e93a6,-542.7240332,-2.68697636,1.7234826,1.6209,-1.1802,-2.8011,-18.1381,1.5039,-1.1769,-2.6808,-18.1384,5.898566799999912,1.966188933333304,-3.822000233802817,0.881000000000002,2.5019000000000027,1.0016000000000016,2.5055000000000014,1.5039,1.6209,-2.8011,-2.6808,-1.1802,-1.1769,0.881000000000002,1.0016000000000016,2.5019000000000027,2.5055000000000014
GaSe_In1Ga71Se70_6922de9a-99aa-44ab-aeb0-963641c4fc6d,4ca8f580-4832-4ddd-a82a-d3ac95ec1c52,-541.73667298,-2.03167042,0.0004041,1.1326,-1.3862,-2.5188,-17.3616,1.1326,-1.3862,-2.5188,-17.3616,5.014927019999959,1.6716423399999865,-3.8150469928169013,0.38679999999999914,1.5193999999999992,0.38679999999999914,1.5193999999999992,1.1326,1.1326,-2.5188,-2.5188,-1.3862,-1.3862,0.38679999999999914,0.38679999999999914,1.5193999999999992,1.5193999999999992
GaSe_Ga70Se71S1_5384ad5e-970e-4733-a36d-2627b6fc46a0,006bd3da-66c4-4d37-bd44-69cea34e93a6,-542.80399994,-2.69183199,1.7300525,1.6632,-1.1455,-2.8087,-18.0963,1.5269,-1.1411,-2.668,-18.0965,5.818600059999881,1.9395333533332935,-3.8225633798591554,0.8315999999999999,2.4948000000000015,0.9725000000000001,2.499399999999998,1.5269,1.6632,-2.8087,-2.668,-1.1455,-1.1411,0.8315999999999999,0.9725000000000001,2.4948000000000015,2.499399999999998
GaSe_Ga71Se70_dfe31d52-5165-4781-a1cb-89ef1f9efa96,975317d4-991f-47f8-8a15-b554f6636ca2,-536.0930121,-2.42303297,0.6793594,1.1528,-1.3504,-2.5032,-18.0907,1.0759,-1.2848,-2.3607,-18.0898,7.943587899999898,2.647862633333299,-3.8020781,1.131499999999999,2.284299999999998,1.2731000000000012,2.349,1.0759,1.1528,-2.5032,-2.3607,-1.3504,-1.2848,1.131499999999999,1.2731000000000012,2.284299999999998,2.349
GaSe_Ga71Se70_4dc9d5b8-4370-4dd3-8619-2ec5276443fc,975317d4-991f-47f8-8a15-b554f6636ca2,-536.23514071,-2.4867226,0.328452,0.6766000000000001,-1.8537,-2.5303,-18.0887,0.6446000000000003,-1.8517,-2.4963,-18.0888,7.801459289999912,2.6004864299999704,-3.803086104326241,1.1023999999999994,1.779,1.1364999999999998,1.7810999999999986,0.6446000000000003,0.6766000000000001,-2.5303,-2.4963,-1.8537,-1.8517,1.1023999999999994,1.1364999999999998,1.779,1.7810999999999986
GaSe_Ga71Se70S2_efb8e0f4-a74b-4ae5-bf3e-40944e07622f,b73e3801-630f-4fdc-9057-9dc3a2e1a105,-549.47273514,-2.6587155,0.8613287,1.6338,-1.1607,-2.7945,-18.092,1.5053999999999998,-1.1595,-2.6649,-18.0924,2.8178648599998724,0.9392882866666241,-3.8424666793006996,0.8414999999999999,2.4753000000000007,0.9715000000000025,2.4769000000000005,1.5053999999999998,1.6338,-2.7945,-2.6649,-1.1607,-1.1595,0.8414999999999999,0.9715000000000025,2.4753000000000007,2.4769000000000005
GaSe_In1Ga71Se70S1_1581d463-b44d-4693-8eb2-3d276752f32b,98c089d3-116f-498d-a4b0-8e2753659fa9,-548.18133392,-2.087533,0.0004292,1.3542,-1.2258,-2.58,-17.3053,1.3542,-1.2258,-2.58,-17.3053,2.6972660799998494,0.8990886933332831,-3.833435901538462,0.26929999999999943,1.6235,0.26929999999999943,1.6235,1.3542,1.3542,-2.58,-2.58,-1.2258,-1.2258,0.26929999999999943,0.26929999999999943,1.6235,1.6235
GaSe_In2Ga69Se72_b52e343a-f24a-4859-8a93-0ddfd22d60cc,32f1438b-36b0-45af-bacf-608b8ef0e82d,-546.91935693,-2.61901296,0.9273931,1.6783,-1.0869,-2.7652,-18.0843,1.5131,-1.0853,-2.5984,-18.0845,3.4652430699999286,1.1550810233333095,-3.824610887622378,0.8630999999999993,2.5413999999999994,1.0300999999999991,2.543199999999999,1.5131,1.6783,-2.7652,-2.5984,-1.0869,-1.0853,0.8630999999999993,1.0300999999999991,2.5413999999999994,2.543199999999999
GaSe_In2Ga70Se71S1_ff910b63-d4e5-4dc4-9667-1699277b7f94,fc541f42-0f90-4340-9beb-c1660b4d048d,-553.71098389,-2.25580536,0.000452,1.8074,-0.9862,-2.7936,-17.3005,1.8074,-0.9862,-2.7936,-17.3005,0.3416161100000181,0.11387203666667271,-3.8452151659027773,0.05090000000000039,1.8582999999999998,0.05090000000000039,1.8582999999999998,1.8074,1.8074,-2.7936,-2.7936,-0.9862,-0.9862,0.05090000000000039,0.05090000000000039,1.8582999999999998,1.8582999999999998
GaSe_In2Ga69Se72_9569548a-6fab-45ca-a6d6-6da3ae61c436,32f1438b-36b0-45af-bacf-608b8ef0e82d,-546.93506741,-2.61855708,0.9228203,1.6695,-1.0906,-2.7601,-18.0824,1.5103000000000002,-1.0891,-2.5994,-18.0827,3.44953258999999,1.1498441966666633,-3.824720751118881,0.8663000000000007,2.535800000000002,1.0273000000000003,2.537600000000001,1.5103000000000002,1.6695,-2.7601,-2.5994,-1.0906,-1.0891,0.8663000000000007,1.0273000000000003,2.535800000000002,2.537600000000001
GaSe_Ga71Se70S1_e6f490c8-049b-4d61-91f8-5fbe78402585,7fd95d30-2e31-4120-8d04-d3017a0ecad8,-542.71381281,-2.53956899,0.5041127,1.2874,-1.3053,-2.5927,-18.0694,1.2735,-1.3045,-2.578,-18.0696,5.449787189999938,1.8165957299999793,-3.8219282592253525,1.0207000000000015,2.308100000000003,1.0356000000000023,2.309100000000001,1.2735,1.2874,-2.5927,-2.578,-1.3053,-1.3045,1.0207000000000015,1.0356000000000023,2.308100000000003,2.309100000000001
GaSe_Ga71Se70_6438cba7-31da-4aff-87c1-fd847e6017b5,975317d4-991f-47f8-8a15-b554f6636ca2,-536.16894926,-2.3284831,0.3241228,0.8591000000000002,-1.5004,-2.3595,-18.0315,0.8296000000000001,-1.472,-2.3016,-18.0315,7.867650739999931,2.6225502466666435,-3.8026166614184396,1.216000000000001,2.0751000000000026,1.2739000000000011,2.1035000000000004,0.8296000000000001,0.8591000000000002,-2.3595,-2.3016,-1.5004,-1.472,1.216000000000001,1.2739000000000011,2.0751000000000026,2.1035000000000004
GaSe_In2Ga70Se71_f28f4d13-14b0-4c97-b585-90a13270821b,1d7b5171-a80d-412b-a4e1-94fa4b465fcd,-546.94567106,-2.05476356,6.74e-05,1.3053,-1.2621,-2.5674,-17.2908,1.3053,-1.2621,-2.5674,-17.2908,2.9799289399999225,0.9933096466666408,-3.8247949025174823,0.2674000000000021,1.572700000000001,0.2674000000000021,1.572700000000001,1.3053,1.3053,-2.5674,-2.5674,-1.2621,-1.2621,0.2674000000000021,0.2674000000000021,1.572700000000001,1.572700000000001
GaSe_In3Ga69Se72_49131dd4-1dda-40f3-9f1d-1ff36dae0a5d,f0493f81-5f93-4c76-9581-13e85043b4d8,-552.41711466,-2.29945498,0.0005353,1.818,-0.9556,-2.7736,-17.2485,1.818,-0.9556,-2.7736,-17.2485,0.6824853399998574,0.2274951133332858,-3.8362299629166667,0.01890000000000036,1.8369,0.01890000000000036,1.8369,1.818,1.818,-2.7736,-2.7736,-0.9556,-0.9556,0.01890000000000036,0.01890000000000036,1.8369,1.8369
GaSe_Ga71Se70_94b94c08-f799-4b36-91a0-0001bc9297ba,975317d4-991f-47f8-8a15-b554f6636ca2,-535.92426206,-2.4792738,0.4881442,1.0888000000000002,-1.4618,-2.5506,-18.0827,1.0134999999999998,-1.4528,-2.4663,-18.0827,8.112337939999861,2.7041126466666205,-3.800881291205674,1.0761000000000003,2.1648999999999994,1.1603999999999992,2.1738999999999997,1.0134999999999998,1.0888000000000002,-2.5506,-2.4663,-1.4618,-1.4528,1.0761000000000003,1.1603999999999992,2.1648999999999994,2.1738999999999997
GaSe_In3Ga69Se72_02b840e8-8989-4a2e-8b09-9d31dbc549d9,f0493f81-5f93-4c76-9581-13e85043b4d8,-552.43930759,-2.25852849,0.0005035,1.8185,-0.9562,-2.7747,-17.2464,1.8185,-0.9562,-2.7747,-17.2464,0.6602924099998972,0.22009746999996574,-3.836384080486111,0.01570000000000249,1.8342000000000027,0.01570000000000249,1.8342000000000027,1.8185,1.8185,-2.7747,-2.7747,-0.9562,-0.9562,0.01570000000000249,0.01570000000000249,1.8342000000000027,1.8342000000000027
GaSe_In1Ga71Se70S2_db4daf0f-95cb-4119-91d0-15704e283a97,38dd6d27-f12e-49f9-a76e-bfb60cc7b58f,-554.97548907,-2.33185573,0.000372,1.7927000000000002,-1.019,-2.8117,-17.3156,1.7927000000000002,-1.019,-2.8117,-17.3156,0.030110929999977998,0.010036976666659333,-3.853996451875,0.047900000000000276,1.840600000000002,0.047900000000000276,1.840600000000002,1.7927000000000002,1.7927000000000002,-2.8117,-2.8117,-1.019,-1.019,0.047900000000000276,0.047900000000000276,1.840600000000002,1.840600000000002
GaSe_In1Ga71Se70S2_ccc31a8a-871d-4284-bc3e-7bcfc61ba861,38dd6d27-f12e-49f9-a76e-bfb60cc7b58f,-554.9750769,-2.26901632,0.0003853,1.7926,-1.019,-2.8116,-17.3132,1.7927,-1.0189,-2.8116,-17.3132,0.03052309999998215,0.010174366666660717,-3.8539935895833333,0.04559999999999853,1.8382000000000005,0.04559999999999853,1.8383000000000003,1.7926,1.7927,-2.8116,-2.8116,-1.019,-1.0189,0.04559999999999853,0.04559999999999853,1.8382000000000005,1.8383000000000003
GaSe_Ga71Se70_8b208ddd-a961-45b8-b834-edce2a21cb3c,975317d4-991f-47f8-8a15-b554f6636ca2,-536.13866187,-2.31996185,0.3506721,0.8614999999999999,-1.4941,-2.3556,-18.0127,0.8278999999999999,-1.4643,-2.2922,-18.0126,7.897938129999943,2.6326460433333145,-3.802401857234042,1.2011000000000003,2.0625999999999998,1.2644000000000002,2.092299999999998,0.8278999999999999,0.8614999999999999,-2.3556,-2.2922,-1.4941,-1.4643,1.2011000000000003,1.2644000000000002,2.0625999999999998,2.092299999999998
GaSe_In1Ga70Se71S1_9f18beea-2af7-4f7a-b514-adbc01cf82c3,35b0dad1-d5ab-4950-8a82-cb3a08837aec,-548.19731568,-2.64429893,0.8675035,1.6317999999999997,-1.1484,-2.7802,-18.0828,1.4994999999999998,-1.1473,-2.6468,-18.0832,3.140284319999978,1.0467614399999927,-3.833547662097902,0.8465999999999987,2.4784000000000006,0.980400000000003,2.4799000000000007,1.4994999999999998,1.6317999999999997,-2.7802,-2.6468,-1.1484,-1.1473,0.8465999999999987,0.980400000000003,2.4784000000000006,2.4799000000000007
GaSe_In1Ga69Se72_63bd0108-f380-4aac-aa3e-65044b3e1c8a,cfa77f74-58a7-48b5-ac80-bee03e36d337,-541.45712343,-2.65532072,1.8432943,1.6151999999999995,-1.1726,-2.7878,-18.131,1.4466,-1.1706,-2.6172,-18.1313,6.212476569999922,2.070825523333307,-3.813078334014085,0.8872,2.5024000000000015,1.0580999999999996,2.5046999999999997,1.4466,1.6151999999999995,-2.7878,-2.6172,-1.1726,-1.1706,0.8872,1.0580999999999996,2.5024000000000015,2.5046999999999997
GaSe_Ga70Se71S1_bc90213f-21c5-4009-bc0f-3fc916ce8d41,006bd3da-66c4-4d37-bd44-69cea34e93a6,-542.79332314,-2.69283733,1.6525047,1.6623,-1.131,-2.7933,-18.0909,1.5339999999999998,-1.1263,-2.6603,-18.091,5.829276859999936,1.9430922866666454,-3.8224881911267605,0.8416000000000015,2.5039000000000016,0.9747000000000021,2.508700000000001,1.5339999999999998,1.6623,-2.7933,-2.6603,-1.131,-1.1263,0.8416000000000015,0.9747000000000021,2.5039000000000016,2.508700000000001
GaSe_In1Ga71Se70S2_05a56761-0bc1-4f07-8023-46da28631806,38dd6d27-f12e-49f9-a76e-bfb60cc7b58f,-554.97368447,-2.33685009,0.0003722,1.7943000000000002,-1.0187,-2.813,-17.3121,1.7943000000000002,-1.0187,-2.813,-17.3121,0.03191552999999203,0.010638509999997344,-3.8539839199305552,0.043100000000000804,1.8374000000000024,0.043100000000000804,1.8374000000000024,1.7943000000000002,1.7943000000000002,-2.813,-2.813,-1.0187,-1.0187,0.043100000000000804,0.043100000000000804,1.8374000000000024,1.8374000000000024
GaSe_In1Ga70Se71_689b5a8e-91ff-4992-8710-cf3a803b9204,9df63941-8d83-429c-bad3-54244774725d,-541.46824282,-2.52227473,0.5255686,1.3076,-1.2695,-2.5771,-18.057,1.2931,-1.2686,-2.5617,-18.0572,5.742357179999999,1.9141190599999998,-3.813156639577465,1.0238999999999994,2.3314999999999984,1.039500000000002,2.332600000000003,1.2931,1.3076,-2.5771,-2.5617,-1.2695,-1.2686,1.0238999999999994,1.039500000000002,2.3314999999999984,2.332600000000003
GaSe_In1Ga68Se69S3_79bdb729-09ca-4656-b8cb-96d5c835459e,b001e214-26aa-4cb7-91e5-a04bfa3c0281,-537.78990165,-2.71180097,2.4177441,1.6525,-1.1503,-2.8028,-18.129,1.5072,-1.145,-2.6522,-18.1288,8.763698349999913,1.2519569071428447,-3.8141127776595747,0.8702000000000023,2.5227000000000004,1.0205999999999982,2.527799999999999,1.5072,1.6525,-2.8028,-2.6522,-1.1503,-1.145,0.8702000000000023,1.0205999999999982,2.5227000000000004,2.527799999999999
GaSe_In2Ga67Se70_58f78706-4eb9-4c6b-aa1b-9bc4357dad74,1adf1d28-dc8d-4a2e-bac7-810b8ffac8bb,-524.55757135,-2.52635168,0.8165776,0.8172999999999999,-1.8186,-2.6359,-18.0471,0.7048999999999999,-1.8161,-2.521,-18.0473,12.789028649999977,1.8270040928571396,-3.7737954773381293,0.9552000000000014,1.7725000000000009,1.0702999999999996,1.7752000000000017,0.7048999999999999,0.8172999999999999,-2.6359,-2.521,-1.8186,-1.8161,0.9552000000000014,1.0702999999999996,1.7725000000000009,1.7752000000000017
GaSe_Ga69Se68S1_7de7a339-1a5c-4d00-ad40-456154ed4cc9,055e87c9-be00-41df-aea3-877195ad504b,-519.90084311,-2.52754369,0.0911259,0.6669,-1.9078,-2.5747,-18.14,0.6595,-1.9078,-2.5673,-18.14,15.22475688999998,2.1749652699999973,-3.7673974138405795,1.109300000000001,1.7761999999999993,1.1167000000000016,1.7761999999999993,0.6595,0.6669,-2.5747,-2.5673,-1.9078,-1.9078,1.109300000000001,1.1167000000000016,1.7761999999999993,1.7761999999999993
GaSe_In2Ga69Se68S2_2bef690e-df93-4ad2-9b46-6b6d1753b2d6,cd12e4c0-a7a9-4082-956b-9a80515bacbb,-536.65559598,-2.45324483,0.4650765,0.6724000000000001,-1.831,-2.5034,-18.0339,0.6437000000000002,-1.8294,-2.4731,-18.0341,8.027004019999936,1.1467148599999908,-3.806068056595745,1.0745000000000005,1.7469000000000001,1.1049999999999986,1.7486999999999995,0.6437000000000002,0.6724000000000001,-2.5034,-2.4731,-1.831,-1.8294,1.0745000000000005,1.1049999999999986,1.7469000000000001,1.7486999999999995
GaSe_In1Ga69Se68_00c2de78-374f-4208-887c-e2599804454b,8b55c047-7ea8-4ccb-adca-0e9c866010f8,-519.83417755,-2.06898429,1.4e-05,0.9512999999999998,-1.5804,-2.5317,-18.1739,0.9512999999999998,-1.5804,-2.5317,-18.1739,13.879422449999879,1.9827746357142684,-3.7669143300724643,1.1861999999999995,2.1374999999999993,1.1861999999999995,2.1374999999999993,0.9512999999999998,0.9512999999999998,-2.5317,-2.5317,-1.5804,-1.5804,1.1861999999999995,1.1861999999999995,2.1374999999999993,2.1374999999999993
GaSe_In1Ga69Se68S2_1f074b89-d9eb-4a6f-b9ea-b42a18894523,3ad5097b-a05a-422e-9a2a-8f15a9c76b70,-532.39107333,-2.02155528,0.0003118,1.11,-1.4435,-2.5535,-18.009,1.11,-1.4435,-2.5535,-18.009,9.576526669999907,1.3680752385714154,-3.8027933809285717,0.9995000000000012,2.1095000000000006,0.9995000000000012,2.1095000000000006,1.11,1.11,-2.5535,-2.5535,-1.4435,-1.4435,0.9995000000000012,0.9995000000000012,2.1095000000000006,2.1095000000000006
GaSe_In1Ga69Se68S3_97c7aa98-03cb-46eb-930e-3ef597b0e435,9ae6601f-12d0-4abd-af84-acb7fd0411ad,-538.14753152,-2.1472617,0.0,0.6207,-1.2586,-1.8793,-18.1691,0.6207,-1.2586,-1.8793,-18.1691,7.947068479999871,1.1352954971428386,-3.816649159716312,1.8338,2.4544999999999995,1.8338,2.4544999999999995,0.6207,0.6207,-1.8793,-1.8793,-1.2586,-1.2586,1.8338,1.8338,2.4544999999999995,2.4544999999999995
GaSe_In1Ga68Se69S1_c9ff715d-05eb-4b8b-8e58-23659b634e73,efd15d51-3804-4d27-9b58-859d875ef8fb,-525.47796335,-2.50146203,0.0255821,0.6880000000000002,-1.8447,-2.5327,-17.9997,0.6877,-1.8447,-2.5324,-17.9997,12.82163664999996,1.8316623785714228,-3.7804170025179853,1.011000000000001,1.6990000000000016,1.011300000000002,1.6990000000000016,0.6877,0.6880000000000002,-2.5327,-2.5324,-1.8447,-1.8447,1.011000000000001,1.011300000000002,1.6990000000000016,1.6990000000000016
GaSe_In3Ga67Se70S1_57b74cd3-87a7-4b59-9bf8-71ab266a9fdc,3a39b501-1b41-4e11-8cb0-43b05dd74b48,-535.51043062,-2.08303897,0.0002973,0.5835999999999999,-1.7914,-2.375,-17.9942,0.5835999999999999,-1.7914,-2.375,-17.9942,8.678169379999986,1.2397384828571407,-3.7979463164539005,1.1631999999999998,1.7468000000000004,1.1631999999999998,1.7468000000000004,0.5835999999999999,0.5835999999999999,-2.375,-2.375,-1.7914,-1.7914,1.1631999999999998,1.1631999999999998,1.7468000000000004,1.7468000000000004
GaSe_In1Ga67Se70S1_795d8d5e-b9bc-48bc-a8d9-8d2a0a44869d,e1f2a037-2391-4bd9-b673-1b27b743573b,-528.91728928,-2.03441496,4.26e-05,1.0415,-1.4775,-2.519,-18.2225,1.0415,-1.4775,-2.519,-18.2225,9.84131071999991,1.4059015314285586,-3.805160354532374,1.2475000000000005,2.2890000000000015,1.2475000000000005,2.2890000000000015,1.0415,1.0415,-2.519,-2.519,-1.4775,-1.4775,1.2475000000000005,1.2475000000000005,2.2890000000000015,2.2890000000000015
GaSe_In2Ga70Se67S3_e67da7be-bd2d-4d98-8125-29ac4cba2c8a,67da5226-71b5-4daf-8350-a6a81856831c,-543.39895613,-2.02554176,0.0003389,1.1333000000000002,-1.3628,-2.4961,-17.3459,1.1333000000000002,-1.3628,-2.4961,-17.3459,4.951643869999998,0.7073776957142854,-3.8267532121830987,0.3938000000000006,1.5271000000000008,0.3938000000000006,1.5271000000000008,1.1333000000000002,1.1333000000000002,-2.4961,-2.4961,-1.3628,-1.3628,0.3938000000000006,0.3938000000000006,1.5271000000000008,1.5271000000000008
GaSe_Ga69Se68S1_c92ac0d0-76f5-4615-87fb-9aa26ae335b3,055e87c9-be00-41df-aea3-877195ad504b,-519.74038952,-2.50968482,0.0007524,0.4144000000000001,-2.1167,-2.5311,-18.0991,0.4144000000000001,-2.1167,-2.5311,-18.0991,15.385210479999955,2.197887211428565,-3.766234706666667,1.112,1.5264000000000006,1.112,1.5264000000000006,0.4144000000000001,0.4144000000000001,-2.5311,-2.5311,-2.1167,-2.1167,1.112,1.112,1.5264000000000006,1.5264000000000006
GaSe_In2Ga69Se68S1_128d3686-bc48-42b5-a2f6-c9841cf0a5ac,e9ab59f4-1f2b-4e88-89b0-d011ef9d581b,-529.83772185,-2.32632988,0.0036983,0.7848999999999999,-1.5419,-2.3268,-18.0235,0.7844999999999998,-1.5418,-2.3263,-18.0234,10.717878149999933,1.5311254499999905,-3.7845551560714283,1.2406999999999986,2.0256000000000007,1.2410999999999994,2.0256000000000007,0.7844999999999998,0.7848999999999999,-2.3268,-2.3263,-1.5419,-1.5418,1.2406999999999986,1.2410999999999994,2.0256000000000007,2.0256000000000007
GaSe_In1Ga69Se68S3_8c7f85e9-2881-4100-a212-e9811f2afd67,9ae6601f-12d0-4abd-af84-acb7fd0411ad,-538.12760014,-2.13906514,0.0003701,0.7048000000000001,-1.1905,-1.8953,-18.0436,0.7049000000000001,-1.1904,-1.8953,-18.0436,7.9669998599998735,1.138142837142839,-3.8165078024113477,1.692300000000003,2.397100000000002,1.692300000000003,2.3972000000000016,0.7048000000000001,0.7049000000000001,-1.8953,-1.8953,-1.1905,-1.1904,1.692300000000003,1.692300000000003,2.397100000000002,2.3972000000000016
GaSe_In1Ga68Se69S3_88567729-adcd-455d-b228-1889b8733c3e,b001e214-26aa-4cb7-91e5-a04bfa3c0281,-537.66068651,-2.69088582,2.6713456,1.5735,-1.2188,-2.7923,-18.1965,1.3981,-1.2137,-2.6118,-18.1966,8.892913489999955,1.2704162128571366,-3.8131963582269504,0.9481999999999999,2.521699999999999,1.1288,2.5269000000000013,1.3981,1.5735,-2.7923,-2.6118,-1.2188,-1.2137,0.9481999999999999,1.1288,2.521699999999999,2.5269000000000013
GaSe_In1Ga68Se69_0d36d613-e930-4646-89e2-4dc76e6f0e8d,dd2480e0-2788-4972-b40e-1b0d3594180d,-521.27514649,-2.51934649,0.0121946,1.0913000000000002,-1.4614,-2.5527,-18.1226,1.0905999999999998,-1.4607,-2.5513,-18.1226,12.897453509999991,1.8424933585714274,-3.7773561339855073,1.1138999999999992,2.205199999999998,1.1152999999999995,2.2058999999999997,1.0905999999999998,1.0913000000000002,-2.5527,-2.5513,-1.4614,-1.4607,1.1138999999999992,1.1152999999999995,2.205199999999998,2.2058999999999997
GaSe_In3Ga66Se71S1_88383477-3c34-47fe-8da5-6f09fc229023,0524c409-db9e-437c-a0f6-037f9b8af5d6,-536.76992963,-2.47578364,0.8384934,1.0471,-1.5406,-2.5877,-18.4893,0.8821000000000001,-1.5397,-2.4218,-18.4894,7.877670369999919,1.1253814814285599,-3.8068789335460993,1.4456000000000007,2.4926999999999992,1.6115999999999993,2.4937000000000005,0.8821000000000001,1.0471,-2.5877,-2.4218,-1.5406,-1.5397,1.4456000000000007,1.6115999999999993,2.4926999999999992,2.4937000000000005
GaSe_In2Ga68Se69S3_bd9429d5-338e-4a13-a371-a5d6053a4e0d,00cfbbdc-3b27-4070-9eef-bf28c08e1c6e,-543.13084673,-2.65547467,1.8224664,1.6139,-1.1617,-2.7756,-18.1788,1.4861,-1.1583,-2.6444,-18.179,6.137753269999962,0.8768218957142803,-3.8248651178169015,0.9471999999999987,2.5610999999999997,1.078599999999998,2.5646999999999984,1.4861,1.6139,-2.7756,-2.6444,-1.1617,-1.1583,0.9471999999999987,1.078599999999998,2.5610999999999997,2.5646999999999984
GaSe_In2Ga68Se69S2_b9a7f0fd-d237-4caf-951f-20d3df992619,db6a2565-86bc-4f97-b439-52711da0b718,-536.62219874,-2.12946267,0.0002725,0.7009999999999998,-1.2052,-1.9062,-18.031,0.7010999999999998,-1.2051,-1.9062,-18.031,8.519401259999881,1.217057322857126,-3.805831196737589,1.668800000000001,2.369799999999998,1.668800000000001,2.3698999999999977,0.7009999999999998,0.7010999999999998,-1.9062,-1.9062,-1.2052,-1.2051,1.668800000000001,1.668800000000001,2.369799999999998,2.3698999999999977
GaSe_In2Ga69Se68S3_e1faa114-833b-40db-b08d-e8a37a529a95,beb2a876-54ce-4056-a41b-34b6ea7a2ab2,-543.12624605,-2.48262087,0.3919079,1.1819,-1.3435,-2.5254,-18.0485,1.1738,-1.3382,-2.512,-18.0486,5.683353949999969,0.8119077071428527,-3.8248327186619715,1.0671000000000017,2.2490000000000023,1.0806000000000004,2.2544000000000004,1.1738,1.1819,-2.5254,-2.512,-1.3435,-1.3382,1.0671000000000017,1.0806000000000004,2.2490000000000023,2.2544000000000004
GaSe_In5Ga66Se71_4571eec9-1e5c-4879-a25c-857335494703,e9e9b7a4-c8ed-4bd0-be71-d6eaedb95fbe,-539.4597949,-2.46455443,0.4071038,1.2919,-1.218,-2.5099,-18.0121,1.2864000000000002,-1.2158,-2.5022,-18.0121,6.490805099999875,0.9272578714285535,-3.799012640140845,1.0462000000000007,2.3381000000000007,1.0539000000000005,2.340299999999999,1.2864000000000002,1.2919,-2.5099,-2.5022,-1.218,-1.2158,1.0462000000000007,1.0539000000000005,2.3381000000000007,2.340299999999999
GaSe_In3Ga67Se70S1_77279cff-89f2-4010-b9a4-cdcd97a09241,3a39b501-1b41-4e11-8cb0-43b05dd74b48,-536.35495956,-2.09688733,0.0002894,0.7690999999999999,-1.0905,-1.8596,-17.9743,0.7690999999999999,-1.0905,-1.8596,-17.9743,7.833640439999954,1.1190914914285648,-3.803935883404255,1.6586999999999996,2.4278000000000013,1.6586999999999996,2.4278000000000013,0.7690999999999999,0.7690999999999999,-1.8596,-1.8596,-1.0905,-1.0905,1.6586999999999996,1.6586999999999996,2.4278000000000013,2.4278000000000013
GaSe_In3Ga68Se69S2_dd844ccd-6ebf-44b7-ae22-94ab2c928d1c,fa2367e3-380a-4cdc-a410-2076506a0c6d,-541.96311902,-2.48353461,0.4061963,1.2901999999999998,-1.243,-2.5332,-18.0191,1.2711,-1.2328,-2.5039,-18.0192,5.893480979999936,0.8419258542857051,-3.8166416832394368,1.0299000000000014,2.3201000000000036,1.0593000000000021,2.330400000000001,1.2711,1.2901999999999998,-2.5332,-2.5039,-1.243,-1.2328,1.0299000000000014,1.0593000000000021,2.3201000000000036,2.330400000000001
GaSe_In1Ga68Se69S1_b798bbf0-6758-462c-a3c9-fbc40e06a2da,efd15d51-3804-4d27-9b58-859d875ef8fb,-525.28984572,-2.42780831,0.8791284,0.6463000000000001,-1.9042,-2.5505,-18.0779,0.5057000000000003,-1.9039,-2.4096,-18.0779,13.009754279999925,1.8585363257142749,-3.7790636382733815,1.0714000000000006,1.7177000000000007,1.212299999999999,1.718,0.5057000000000003,0.6463000000000001,-2.5505,-2.4096,-1.9042,-1.9039,1.0714000000000006,1.212299999999999,1.7177000000000007,1.718
GaSe_In4Ga67Se70S2_78f4eced-db44-4839-899b-5b1632a81e8e,737893fb-7ed4-4f99-8c37-5c5642c5ce9f,-547.29778065,-2.59188436,0.9260496,1.7086,-1.0332,-2.7418,-18.0399,1.5576,-1.0313,-2.5889,-18.0402,3.732819349999886,0.5332599071428409,-3.8272572073426576,0.8421000000000003,2.550699999999999,0.9952999999999985,2.5528999999999975,1.5576,1.7086,-2.7418,-2.5889,-1.0332,-1.0313,0.8421000000000003,0.9952999999999985,2.550699999999999,2.5528999999999975
GaSe_Ga71Se66S2_6afa6d34-687e-495f-a086-4fbbee25bdeb,a0e17c1b-73cf-4b86-9ef7-5870be699ebd,-525.47173379,-2.27777534,0.4899854,0.607,-1.7175,-2.3245,-18.0575,0.5343,-1.6968,-2.2311,-18.0574,12.86286620999988,1.8375523157142684,-3.7803721855395684,1.277000000000001,1.8840000000000003,1.370300000000002,1.904600000000002,0.5343,0.607,-2.3245,-2.2311,-1.7175,-1.6968,1.277000000000001,1.370300000000002,1.8840000000000003,1.904600000000002
GaSe_In2Ga67Se70S1_52cc2487-33e9-4b59-a8b6-a1846f67b659,f99b0232-d242-4a87-bf25-fda859272a6e,-530.8507357,-2.42392398,0.7890094,0.6756999999999997,-1.8541,-2.5298,-18.0646,0.5211999999999999,-1.8508,-2.372,-18.0648,10.622864299999947,1.5175520428571352,-3.791790969285714,1.0787999999999993,1.7545000000000002,1.2368000000000023,1.7580000000000027,0.5211999999999999,0.6756999999999997,-2.5298,-2.372,-1.8541,-1.8508,1.0787999999999993,1.2368000000000023,1.7545000000000002,1.7580000000000027
GaSe_Ga68Se69S1_1f7a2437-165a-4e9a-abba-13fc30c4b830,a8f2af8e-4a1d-4b07-976d-d1c521e921f0,-521.11138543,-2.67993891,0.5696556,0.8064,-1.8767,-2.6831,-18.0837,0.7682000000000002,-1.876,-2.6442,-18.0837,14.473214569999868,2.0676020814285527,-3.7761694596376816,0.9446000000000012,1.7510000000000012,0.9835000000000012,1.7516999999999996,0.7682000000000002,0.8064,-2.6831,-2.6442,-1.8767,-1.876,0.9446000000000012,0.9835000000000012,1.7510000000000012,1.7516999999999996
GaSe_In3Ga68Se69S1_761e6df8-c392-4040-9092-8cfa8bee065d,001ea209-5f4e-4873-a9a8-254a5dc8b6f1,-535.60138085,-2.32867851,0.9041257,1.0193,-1.4387,-2.458,-18.0083,0.8185,-1.4014,-2.2199,-18.0083,8.128219149999836,1.161174164285691,-3.7985913535460996,1.0942999999999987,2.113599999999998,1.3323999999999998,2.1509,0.8185,1.0193,-2.458,-2.2199,-1.4387,-1.4014,1.0942999999999987,1.3323999999999998,2.113599999999998,2.1509
GaSe_In2Ga67Se70S2_2b6f4d61-b3d6-49ea-a9bc-8777353f266c,658a220f-a3b5-4546-8241-4129dcd8d719,-537.35073387,-2.68261139,1.6805145,1.4748,-1.2354,-2.7102,-18.138,1.4101,-1.2345,-2.6446,-18.1384,8.249866129999987,1.1785523042857124,-3.8109981125531913,0.9718000000000018,2.4466000000000037,1.0378000000000007,2.4479000000000006,1.4101,1.4748,-2.7102,-2.6446,-1.2354,-1.2345,0.9718000000000018,1.0378000000000007,2.4466000000000037,2.4479000000000006
GaSe_In2Ga68Se69S1_6fa0f5d1-ad26-4245-9ab1-c7c4f6a4a0a4,af62be53-d30d-45d1-8e15-6f95b02480ed,-530.72390631,-2.58698988,1.204142,1.1617,-1.4511,-2.6128,-18.1378,1.0722,-1.4487,-2.5209,-18.1379,10.290693690000012,1.4700990985714302,-3.790885045071428,1.068999999999999,2.230699999999999,1.1609999999999978,2.2332,1.0722,1.1617,-2.6128,-2.5209,-1.4511,-1.4487,1.068999999999999,1.1609999999999978,2.230699999999999,2.2332
GaSe_Ga70Se67S1_f167ed7e-fa8d-48f3-88c0-ca00364d583b,aaea3ee0-7178-4157-9714-05ff22ae83c8,-521.14343722,-2.16140881,0.0004289,0.3241,-1.5668,-1.8909,-18.0827,0.3241,-1.5668,-1.8909,-18.0827,13.523162779999893,1.931880397142842,-3.7764017189855075,1.7358000000000011,2.059899999999999,1.7358000000000011,2.059899999999999,0.3241,0.3241,-1.8909,-1.8909,-1.5668,-1.5668,1.7358000000000011,1.7358000000000011,2.059899999999999,2.059899999999999
GaSe_In4Ga68Se69S2_96a6ba13-03bf-42b1-b60e-2987e7723a72,b452ffcd-e82f-4fbe-b427-ea57de30c599,-547.31421651,-2.06323045,0.0002784,1.2968,-1.2293,-2.5261,-17.2923,1.2968,-1.2293,-2.5261,-17.2923,3.2573834899999383,0.46534049857141974,-3.8273721434265737,0.3102000000000018,1.6070000000000029,0.3102000000000018,1.6070000000000029,1.2968,1.2968,-2.5261,-2.5261,-1.2293,-1.2293,0.3102000000000018,0.3102000000000018,1.6070000000000029,1.6070000000000029
GaSe_Ga68Se69S2_57ab61d7-cb76-4a13-83c0-3e75379b7cf2,ddcff9be-d1f5-4f14-936b-4c4cf58c36c9,-529.36465047,-2.72055077,1.2707817,1.4031000000000002,-1.3712,-2.7743,-18.2813,1.2698999999999998,-1.3691,-2.639,-18.2813,10.34694952999996,1.4781356471428515,-3.8083787803597122,1.051000000000002,2.4541000000000004,1.1863000000000028,2.4562000000000026,1.2698999999999998,1.4031000000000002,-2.7743,-2.639,-1.3712,-1.3691,1.051000000000002,1.1863000000000028,2.4541000000000004,2.4562000000000026
GaSe_In3Ga69Se68S1_70cf79a4-9e18-470a-9240-38bdd62111af,bbc56e34-c50f-45a4-a611-e705b7c77e6f,-535.10058706,-2.12627798,0.0004968,0.8061,-1.7234,-2.5295,-17.4547,0.8061,-1.7234,-2.5295,-17.4547,8.170012939999992,1.1671447057142845,-3.795039624539007,0.46919999999999895,1.2752999999999997,0.46919999999999895,1.2752999999999997,0.8061,0.8061,-2.5295,-2.5295,-1.7234,-1.7234,0.46919999999999895,0.46919999999999895,1.2752999999999997,1.2752999999999997
GaSe_In3Ga67Se70S2_5828b03e-6802-4caa-8c01-b1553b54eeef,a013dac6-ecff-4440-90a9-b03b3d5b1d3f,-541.85405527,-2.62775588,1.8865502,1.6323,-1.1377,-2.77,-18.1534,1.4301,-1.1354,-2.5655,-18.1537,6.4615447299999005,0.9230778185714144,-3.8158736286619717,0.9274000000000022,2.559700000000003,1.132200000000001,2.5623000000000005,1.4301,1.6323,-2.77,-2.5655,-1.1377,-1.1354,0.9274000000000022,1.132200000000001,2.559700000000003,2.5623000000000005
GaSe_In1Ga70Se67S2_a31005dc-d8b3-4fae-adc9-faebd914de8f,03b6995a-ee77-441c-a3c3-90adc26bb5cf,-531.14761876,-2.5009113,0.0005408,0.8871,-1.6548,-2.5419,-18.09,0.8869999999999998,-1.6548,-2.5418,-18.09,10.360981240000001,1.4801401771428573,-3.7939115625714286,1.0921000000000003,1.9791999999999987,1.0922,1.9791999999999987,0.8869999999999998,0.8871,-2.5419,-2.5418,-1.6548,-1.6548,1.0921000000000003,1.0922,1.9791999999999987,1.9791999999999987
GaSe_In1Ga69Se68S1_9d1545a7-e605-4354-8be1-9ea6afeb3f48,8c7f20d4-ec80-41c7-8b75-bd63edb5a868,-525.10540485,-2.2598377,0.000329,0.1151000000000002,-1.9031,-2.0182,-18.0746,0.1151000000000002,-1.9031,-2.0182,-18.0746,12.735195149999981,1.8193135928571402,-3.7777367255395684,1.6004000000000005,1.7155000000000022,1.6004000000000005,1.7155000000000022,0.1151000000000002,0.1151000000000002,-2.0182,-2.0182,-1.9031,-1.9031,1.6004000000000005,1.6004000000000005,1.7155000000000022,1.7155000000000022
GaSe_In1Ga69Se68S3_6e74afcd-ddf1-49d0-8a4b-85fbfa203c5b,9ae6601f-12d0-4abd-af84-acb7fd0411ad,-539.52410032,-2.00062257,0.0003458,0.9617000000000002,-1.5325,-2.4942,-18.2627,0.9617000000000002,-1.5325,-2.4942,-18.2627,6.570499679999898,0.9386428114285569,-3.826412059007092,1.3125,2.2742000000000004,1.3125,2.2742000000000004,0.9617000000000002,0.9617000000000002,-2.4942,-2.4942,-1.5325,-1.5325,1.3125,1.3125,2.2742000000000004,2.2742000000000004
GaSe_In3Ga68Se69S1_b6b7a765-84e2-4e57-b453-5d87cd827272,001ea209-5f4e-4873-a9a8-254a5dc8b6f1,-535.43520049,-2.32546035,0.7040234,1.1125,-1.293,-2.4055,-18.0286,0.9734999999999998,-1.2817,-2.2552,-18.0286,8.294399509999835,1.184914215714262,-3.7974127694326247,1.1671000000000014,2.279600000000002,1.317400000000001,2.2909000000000006,0.9734999999999998,1.1125,-2.4055,-2.2552,-1.293,-1.2817,1.1671000000000014,1.317400000000001,2.279600000000002,2.2909000000000006
GaSe_In1Ga68Se69_3f1a28c6-6861-419c-8b92-e29da9f79332,dd2480e0-2788-4972-b40e-1b0d3594180d,-519.81196725,-2.51826778,0.022817,0.8527,-1.7029,-2.5556,-18.1499,0.8517999999999999,-1.7029,-2.5547,-18.1499,14.360632750000036,2.0515189642857194,-3.7667533858695648,1.1382999999999992,1.9909999999999997,1.1391999999999989,1.9909999999999997,0.8517999999999999,0.8527,-2.5556,-2.5547,-1.7029,-1.7029,1.1382999999999992,1.1391999999999989,1.9909999999999997,1.9909999999999997
GaSe_Ga70Se67S2_ce6a4025-e471-4872-b266-836a63dbea9b,7c83d9d6-12f1-44dc-a5a8-940088c8b871,-527.81821058,-2.17614208,0.0004065,0.5967,-1.8778,-2.4745,-18.0119,0.5967,-1.8778,-2.4745,-18.0119,10.975389419999942,1.567912774285706,-3.79725331352518,1.0814000000000021,1.6781000000000006,1.0814000000000021,1.6781000000000006,0.5967,0.5967,-2.4745,-2.4745,-1.8778,-1.8778,1.0814000000000021,1.0814000000000021,1.6781000000000006,1.6781000000000006
GaSe_In1Ga69Se68S2_1c46b91d-f949-4a85-ae31-029c6d38f35e,3ad5097b-a05a-422e-9a2a-8f15a9c76b70,-533.03207655,-1.93531572,0.0001169,0.8831,-1.4938,-2.3769,-18.0939,0.8831,-1.4938,-2.3769,-18.0939,8.935523449999891,1.2765033499999845,-3.8073719753571433,1.2610000000000028,2.1441000000000017,1.2610000000000028,2.1441000000000017,0.8831,0.8831,-2.3769,-2.3769,-1.4938,-1.4938,1.2610000000000028,1.2610000000000028,2.1441000000000017,2.1441000000000017
GaSe_Ga70Se67S1_afb476dd-54c2-42e4-b6a8-ad044d475307,aaea3ee0-7178-4157-9714-05ff22ae83c8,-519.74248362,-2.43911761,9.75e-05,0.6247,-1.7072,-2.3319,-18.0525,0.6247,-1.7072,-2.3319,-18.0525,14.924116379999873,2.1320166257142676,-3.766249881304348,1.264599999999998,1.8892999999999986,1.264599999999998,1.8892999999999986,0.6247,0.6247,-2.3319,-2.3319,-1.7072,-1.7072,1.264599999999998,1.264599999999998,1.8892999999999986,1.8892999999999986
GaSe_In3Ga67Se70S2_02e7a1f2-a44a-4051-b262-b1d0ceecaaf6,a013dac6-ecff-4440-90a9-b03b3d5b1d3f,-541.90328092,-2.6351697,1.8495902,1.6297,-1.1451,-2.7748,-18.1406,1.4486,-1.1427,-2.5913,-18.1408,6.412319079999861,0.916045582857123,-3.8162202881690144,0.9098000000000006,2.5395000000000003,1.0934999999999988,2.542099999999998,1.4486,1.6297,-2.7748,-2.5913,-1.1451,-1.1427,0.9098000000000006,1.0934999999999988,2.5395000000000003,2.542099999999998
GaSe_In2Ga68Se69S3_226e8012-60b5-4a73-a51b-d07dee25e217,00cfbbdc-3b27-4070-9eef-bf28c08e1c6e,-544.15120536,-2.6564963,0.8460867,1.4691,-1.2064,-2.6755,-18.1418,1.4012000000000002,-1.2037,-2.6049,-18.142,5.117394640000043,0.7310563771428633,-3.832050741971831,1.0103000000000009,2.479400000000002,1.0810999999999993,2.4822999999999986,1.4012000000000002,1.4691,-2.6755,-2.6049,-1.2064,-1.2037,1.0103000000000009,1.0810999999999993,2.479400000000002,2.4822999999999986
GaSe_In4Ga66Se71_43c27c0e-450f-4d09-91ba-58c625e44dd8,1c1efad7-81fb-4122-8567-dc2e7fd0b89f,-534.28312371,-2.10003493,0.0003886,0.7530000000000001,-1.101,-1.854,-17.9624,0.7530000000000001,-1.101,-1.854,-17.9624,8.952476289999936,1.2789251842857052,-3.78924201212766,1.6524,2.4054,1.6524,2.4054,0.7530000000000001,0.7530000000000001,-1.854,-1.854,-1.101,-1.101,1.6524,1.6524,2.4054,2.4054
GaSe_Ga72Se65S3_40f69020-de76-4ed3-b207-84125ebf0606,20b69a95-ceb4-4812-a055-7e7f2bc9ac1a,-531.75985913,-2.07566968,0.0004589,1.0524,-1.5074,-2.5598,-17.489,1.0524,-1.5074,-2.5598,-17.489,10.24274086999992,1.4632486957142743,-3.7982847080714284,0.47320000000000206,1.5256000000000007,0.47320000000000206,1.5256000000000007,1.0524,1.0524,-2.5598,-2.5598,-1.5074,-1.5074,0.47320000000000206,0.47320000000000206,1.5256000000000007,1.5256000000000007
GaSe_In1Ga69Se68S2_3f51304e-d9b5-4e09-9651-af263c33c3c8,3ad5097b-a05a-422e-9a2a-8f15a9c76b70,-531.7354133,-2.4479925,0.0027992,0.5901000000000001,-1.7793,-2.3694,-18.0986,0.5892999999999999,-1.7791,-2.3684,-18.0986,10.232186699999943,1.461740957142849,-3.798110095,1.273200000000001,1.8633000000000024,1.2742000000000022,1.863500000000002,0.5892999999999999,0.5901000000000001,-2.3694,-2.3684,-1.7793,-1.7791,1.273200000000001,1.2742000000000022,1.8633000000000024,1.863500000000002
GaSe_In2Ga67Se70S1_a02360e5-0c06-4c7a-aeba-0ad0bef6dbbc,f99b0232-d242-4a87-bf25-fda859272a6e,-532.31963036,-2.42442185,0.9445739,1.1496999999999995,-1.4207,-2.5704,-18.1944,0.8854,-1.4204,-2.3058,-18.1944,9.1539696399999,1.3077099485714143,-3.802283074,1.1680000000000028,2.317700000000002,1.4326000000000025,2.3180000000000014,0.8854,1.1496999999999995,-2.5704,-2.3058,-1.4207,-1.4204,1.1680000000000028,1.4326000000000025,2.317700000000002,2.3180000000000014
GaSe_In2Ga68Se69S1_1b416cb0-708d-48a2-85f2-8c959987dd7a,af62be53-d30d-45d1-8e15-6f95b02480ed,-530.60753264,-2.1482683,0.0003884,0.5613000000000001,-1.8683,-2.4296,-18.1484,0.5613000000000001,-1.8683,-2.4296,-18.1484,10.407067359999928,1.4867239085714183,-3.790053804571429,1.2627999999999986,1.8240999999999978,1.2627999999999986,1.8240999999999978,0.5613000000000001,0.5613000000000001,-2.4296,-2.4296,-1.8683,-1.8683,1.2627999999999986,1.2627999999999986,1.8240999999999978,1.8240999999999978
GaSe_In1Ga69Se68S2_d4a22391-4d02-4cc5-adc3-d07c5683f058,3ad5097b-a05a-422e-9a2a-8f15a9c76b70,-532.10677911,-2.1305563,0.0002935,0.6051,-1.828,-2.4331,-17.9515,0.6051,-1.828,-2.4331,-17.9515,9.8608208899999,1.4086886985714142,-3.800762707928572,1.0624000000000002,1.6675000000000004,1.0624000000000002,1.6675000000000004,0.6051,0.6051,-2.4331,-2.4331,-1.828,-1.828,1.0624000000000002,1.0624000000000002,1.6675000000000004,1.6675000000000004
GaSe_In3Ga68Se69S1_8b769eaf-040e-4f21-97f1-e0989be757f6,001ea209-5f4e-4873-a9a8-254a5dc8b6f1,-535.1709497,-2.43470544,0.1465638,1.1565,-1.3015,-2.458,-17.9511,1.153,-1.3011,-2.4541,-17.9512,8.55865029999984,1.2226643285714058,-3.7955386503546102,1.0371000000000006,2.1936,1.0411000000000001,2.1941000000000024,1.153,1.1565,-2.458,-2.4541,-1.3015,-1.3011,1.0371000000000006,1.0411000000000001,2.1936,2.1941000000000024
GaSe_In3Ga69Se68S3_4621f5a9-5ed8-46c9-8f07-0fae5e76c280,700e18ac-f186-485b-a2ea-8c746faa1a4a,-548.49806042,-2.05524876,4.19e-05,1.2947,-1.2533,-2.548,-17.3164,1.2947,-1.2533,-2.548,-17.3164,3.0265395799999624,0.43236279714285175,-3.835650772167832,0.312400000000002,1.6071000000000026,0.312400000000002,1.6071000000000026,1.2947,1.2947,-2.548,-2.548,-1.2533,-1.2533,0.312400000000002,0.312400000000002,1.6071000000000026,1.6071000000000026
GaSe_In3Ga67Se70_65ed17e9-c11f-451b-9cfd-018afdfd76a3,9b9fa4c0-08d6-4552-a437-d086dae27dd0,-529.45501734,-2.07435629,0.0002228,0.7510999999999999,-1.6992,-2.4503,-18.1477,0.7510999999999999,-1.6992,-2.4503,-18.1477,10.606582659999958,1.5152260942857083,-3.7818215524285717,1.2414000000000005,1.9924999999999997,1.2414000000000005,1.9924999999999997,0.7510999999999999,0.7510999999999999,-2.4503,-2.4503,-1.6992,-1.6992,1.2414000000000005,1.2414000000000005,1.9924999999999997,1.9924999999999997
GaSe_Ga67Se70S1_da67f55d-fc2e-41a3-91b6-bfd24f169f6f,ac6ede6f-3f94-4023-b45c-7813575ae472,-521.41792884,-2.66711103,0.9245298,0.8101999999999998,-1.7442,-2.5544,-18.2798,0.7903999999999998,-1.7438,-2.5342,-18.2798,14.625671160000024,2.089381594285718,-3.778390788695652,1.2694000000000027,2.079600000000003,1.2896000000000019,2.080000000000002,0.7903999999999998,0.8101999999999998,-2.5544,-2.5342,-1.7442,-1.7438,1.2694000000000027,1.2896000000000019,2.079600000000003,2.080000000000002
GaSe_In1Ga70Se67S3_2bcfbec2-a1dc-469a-ad51-f54baef87517,0affa95c-6271-448a-96dd-532d2990ca47,-538.00560902,-2.02454421,0.9414177,0.5831000000000002,-1.5756,-2.1587,-18.0855,0.3291000000000001,-1.5613,-1.8904,-18.0855,7.629990980000002,1.0899987114285719,-3.81564261716312,1.4708000000000006,2.0538999999999987,1.7391000000000005,2.068200000000001,0.3291000000000001,0.5831000000000002,-2.1587,-1.8904,-1.5756,-1.5613,1.4708000000000006,1.7391000000000005,2.0538999999999987,2.068200000000001
GaSe_In2Ga69Se68S3_e77605c1-b6e9-4536-9b59-4a90e84563f6,beb2a876-54ce-4056-a41b-34b6ea7a2ab2,-543.19389916,-2.48458777,0.4324223,1.2709,-1.2672,-2.5381,-18.0358,1.2500999999999998,-1.2271,-2.4772,-18.0358,5.615700839999931,0.8022429771428473,-3.8253091490140845,1.0416999999999987,2.3125999999999998,1.102599999999999,2.3526999999999987,1.2500999999999998,1.2709,-2.5381,-2.4772,-1.2672,-1.2271,1.0416999999999987,1.102599999999999,2.3125999999999998,2.3526999999999987
GaSe_In3Ga69Se68S2_f4c06d7d-899f-45f1-9eef-0aa6c875d377,d74bb2cc-8e37-458a-bb62-001948167bad,-541.71252467,-2.02705778,1.69e-05,1.1891,-1.3515,-2.5406,-17.3168,1.1891,-1.3515,-2.5406,-17.3168,5.685075329999904,0.8121536185714149,-3.8148769342957745,0.3202000000000016,1.5093000000000014,0.3202000000000016,1.5093000000000014,1.1891,1.1891,-2.5406,-2.5406,-1.3515,-1.3515,0.3202000000000016,0.3202000000000016,1.5093000000000014,1.5093000000000014
GaSe_In3Ga66Se71S1_ea2f86b2-76ad-4d42-8390-07ad5d213002,0524c409-db9e-437c-a0f6-037f9b8af5d6,-535.14400469,-2.67176576,2.5124705,1.6505,-1.1084,-2.7589,-18.0741,1.5096999999999998,-1.1024,-2.6121,-18.0741,9.503595309999923,1.3576564728571319,-3.7953475509929078,0.8592000000000013,2.5097000000000023,1.006000000000002,2.5157000000000025,1.5096999999999998,1.6505,-2.7589,-2.6121,-1.1084,-1.1024,0.8592000000000013,1.006000000000002,2.5097000000000023,2.5157000000000025
GaSe_In1Ga69Se68S4_fb8ba70a-bf75-4121-a580-6e5dfbf0b3e2,8049f39c-80ac-4542-9230-3a046ab5fd3f,-544.41698179,-2.68483848,1.7769646,1.5561000000000005,-1.2449,-2.801,-18.1736,1.3429999999999995,-1.243,-2.586,-18.1738,5.804618209999944,0.8292311728571349,-3.833922406971831,0.9166000000000007,2.4726999999999997,1.1318000000000001,2.474800000000002,1.3429999999999995,1.5561000000000005,-2.801,-2.586,-1.2449,-1.243,0.9166000000000007,1.1318000000000001,2.4726999999999997,2.474800000000002
GaSe_Ga69Se68S4_2d28e7b6-f4f0-4594-9d9e-d41564f6d5cd,7cc4a872-1440-485a-b46d-ba9817d32782,-538.79883267,-2.70437966,2.6733213,1.5359999999999998,-1.2773,-2.8133,-18.2085,1.3893999999999995,-1.2736,-2.663,-18.2088,8.70776732999991,1.2439667614285586,-3.821268316808511,0.9392000000000014,2.475200000000001,1.0898000000000003,2.4792000000000023,1.3893999999999995,1.5359999999999998,-2.8133,-2.663,-1.2773,-1.2736,0.9392000000000014,1.0898000000000003,2.475200000000001,2.4792000000000023
GaSe_In3Ga68Se69S2_a768fce6-f36b-4bdf-bcb0-469826f0cdc3,fa2367e3-380a-4cdc-a410-2076506a0c6d,-541.9046551,-2.46715221,0.3937436,1.1981000000000002,-1.3121,-2.5102,-18.0332,1.1761999999999997,-1.3075,-2.4837,-18.0333,5.951944899999944,0.8502778428571348,-3.816229965492958,1.0670000000000002,2.2651000000000003,1.0936000000000021,2.2698,1.1761999999999997,1.1981000000000002,-2.5102,-2.4837,-1.3121,-1.3075,1.0670000000000002,1.0936000000000021,2.2651000000000003,2.2698
GaSe_In1Ga69Se68S3_05c1c612-59ce-47a0-9e8b-2980ce7757a3,9ae6601f-12d0-4abd-af84-acb7fd0411ad,-538.09599989,-2.13079829,0.0003818,0.5855000000000001,-1.2851,-1.8706,-18.0128,0.5855000000000001,-1.2851,-1.8706,-18.0128,7.99860010999987,1.14265715857141,-3.816283687163121,1.6861999999999995,2.271699999999999,1.6861999999999995,2.271699999999999,0.5855000000000001,0.5855000000000001,-1.8706,-1.8706,-1.2851,-1.2851,1.6861999999999995,1.6861999999999995,2.271699999999999,2.271699999999999
GaSe_In3Ga69Se68S4_eb434fb8-90b8-47f4-8199-d766ebabbb6e,10d53a57-a81a-4c2a-8edb-7069979817fc,-555.38254549,-2.27981609,5.08e-05,1.7929,-0.9925,-2.7854,-17.3145,1.7929,-0.9925,-2.7854,-17.3145,0.26905450999993263,0.03843635857141895,-3.8568232325694445,0.07310000000000016,1.8659999999999997,0.07310000000000016,1.8659999999999997,1.7929,1.7929,-2.7854,-2.7854,-0.9925,-0.9925,0.07310000000000016,0.07310000000000016,1.8659999999999997,1.8659999999999997
GaSe_In1Ga69Se68S2_054cd8f9-4c1c-44d0-a9c9-53745710cc55,3ad5097b-a05a-422e-9a2a-8f15a9c76b70,-532.73824588,-2.22346814,0.0002704,0.6689,-1.4185,-2.0874,-17.8895,0.6689,-1.4185,-2.0874,-17.8895,9.229354119999925,1.3184791599999894,-3.805273184857143,1.3461000000000016,2.0150000000000006,1.3461000000000016,2.0150000000000006,0.6689,0.6689,-2.0874,-2.0874,-1.4185,-1.4185,1.3461000000000016,1.3461000000000016,2.0150000000000006,2.0150000000000006
GaSe_In3Ga67Se70S1_a4cd6e55-bcac-4d30-b255-3d86d6d070f6,3a39b501-1b41-4e11-8cb0-43b05dd74b48,-536.79144962,-2.17387652,0.0004649,1.1786,-1.4616,-2.6402,-18.0804,1.1786,-1.4616,-2.6402,-18.0804,7.397150379999971,1.0567357685714245,-3.8070315575886524,0.9842000000000013,2.1628000000000007,0.9842000000000013,2.1628000000000007,1.1786,1.1786,-2.6402,-2.6402,-1.4616,-1.4616,0.9842000000000013,0.9842000000000013,2.1628000000000007,2.1628000000000007
GaSe_In2Ga69Se68S3_551d2c01-90ba-46bf-a0b4-6189352aa1f1,beb2a876-54ce-4056-a41b-34b6ea7a2ab2,-543.16828695,-2.5084247,0.4784632,1.2951,-1.2622,-2.5573,-18.1057,1.2785000000000002,-1.2426,-2.5211,-18.1059,5.641313049999894,0.8059018642856992,-3.8251287813380284,1.0923999999999996,2.3874999999999993,1.1287999999999982,2.4072999999999993,1.2785000000000002,1.2951,-2.5573,-2.5211,-1.2622,-1.2426,1.0923999999999996,1.1287999999999982,2.3874999999999993,2.4072999999999993
GaSe_Ga69Se68S2_1c6da754-67cc-4377-994c-f0b63ae9b071,f862df06-77c8-4ebb-800c-d639cf090667,-528.21377898,-2.63945874,0.4385326,0.8634999999999999,-1.8444,-2.7079,-18.029,0.8013000000000001,-1.8442,-2.6455,-18.029,11.038821019999887,1.5769744314285552,-3.8000991293525184,0.8651,1.7286000000000001,0.9275000000000002,1.7287999999999997,0.8013000000000001,0.8634999999999999,-2.7079,-2.6455,-1.8444,-1.8442,0.8651,0.9275000000000002,1.7286000000000001,1.7287999999999997
GaSe_Ga69Se68S1_1d659021-dd03-4036-b63e-7244c413de09,055e87c9-be00-41df-aea3-877195ad504b,-522.88711904,-2.61892166,0.35128,1.1787,-1.4975,-2.6762,-17.9989,1.1451999999999998,-1.497,-2.6422,-17.9989,12.238480959999947,1.7483544228571353,-3.7890370944927536,0.8666999999999998,2.0454000000000008,0.9007000000000005,2.0458999999999996,1.1451999999999998,1.1787,-2.6762,-2.6422,-1.4975,-1.497,0.8666999999999998,0.9007000000000005,2.0454000000000008,2.0458999999999996
GaSe_In2Ga68Se69S2_153444fd-1bcf-4a46-ae1b-20869e77b953,db6a2565-86bc-4f97-b439-52711da0b718,-538.69303566,-2.03216512,0.0004635,0.8332000000000002,-1.6155,-2.4487,-17.9971,0.8332000000000002,-1.6155,-2.4487,-17.9971,6.448564339999962,0.9212234771428517,-3.820517983404255,1.0923999999999996,1.9255999999999993,1.0923999999999996,1.9255999999999993,0.8332000000000002,0.8332000000000002,-2.4487,-2.4487,-1.6155,-1.6155,1.0923999999999996,1.0923999999999996,1.9255999999999993,1.9255999999999993
GaSe_In1Ga68Se69_3c0751b5-ec4b-49a5-8e6a-568257660587,dd2480e0-2788-4972-b40e-1b0d3594180d,-519.35803353,-2.48622174,0.0033327,0.9312,-1.5686,-2.4998,-18.2168,0.9309,-1.5685,-2.4994,-18.2168,14.814566470000045,2.116366638571435,-3.763464011086956,1.2609999999999992,2.1921999999999997,1.2614,2.1922999999999995,0.9309,0.9312,-2.4998,-2.4994,-1.5686,-1.5685,1.2609999999999992,1.2614,2.1921999999999997,2.1922999999999995
GaSe_In2Ga69Se68S3_d964f20f-8883-4985-b0bb-0e4ae80bb8e9,beb2a876-54ce-4056-a41b-34b6ea7a2ab2,-543.12893429,-2.31077111,0.9393217,1.225,-1.2338,-2.4588,-18.0192,1.0916,-1.1009,-2.1925,-18.0191,5.680665709999971,0.8115236728571388,-3.824851649929577,1.1044000000000018,2.3294000000000032,1.3706000000000031,2.462200000000003,1.0916,1.225,-2.4588,-2.1925,-1.2338,-1.1009,1.1044000000000018,1.3706000000000031,2.3294000000000032,2.462200000000003
GaSe_In3Ga67Se70S1_79c2320b-386d-4fc1-b98f-343f3a88f308,3a39b501-1b41-4e11-8cb0-43b05dd74b48,-535.98409701,-2.1202538,0.0003767,0.5626,-1.8423,-2.4049,-18.0102,0.5626,-1.8423,-2.4049,-18.0102,8.204502989999924,1.1720718557142749,-3.8013056525531916,1.149300000000002,1.7119,1.149300000000002,1.7119,0.5626,0.5626,-2.4049,-2.4049,-1.8423,-1.8423,1.149300000000002,1.149300000000002,1.7119,1.7119
GaSe_In1Ga70Se67S2_488cdfa4-06c2-4f66-8bb8-b0ec241f97f1,03b6995a-ee77-441c-a3c3-90adc26bb5cf,-531.05003137,-2.35750087,0.7820726,0.7401000000000002,-1.7055,-2.4456,-18.0682,0.5686999999999998,-1.7012,-2.2699,-18.0666,10.458568629999832,1.4940812328571187,-3.793214509785715,1.1666000000000007,1.9067000000000007,1.3407000000000018,1.9094000000000015,0.5686999999999998,0.7401000000000002,-2.4456,-2.2699,-1.7055,-1.7012,1.1666000000000007,1.3407000000000018,1.9067000000000007,1.9094000000000015
GaSe_In2Ga67Se70S2_1f78bcae-d482-423b-b0ab-eeff1c4e821c,658a220f-a3b5-4546-8241-4129dcd8d719,-536.39847082,-2.67089172,2.6839869,1.5758,-1.2015,-2.7773,-18.1473,1.3217,-1.1977,-2.5194,-18.1476,9.202129180000043,1.314589882857149,-3.8042444739007086,0.9140000000000015,2.4898000000000025,1.1722000000000001,2.4939,1.3217,1.5758,-2.7773,-2.5194,-1.2015,-1.1977,0.9140000000000015,1.1722000000000001,2.4898000000000025,2.4939
GaSe_In3Ga68Se69S1_416ab8d2-7681-4f22-b445-756bf731424d,001ea209-5f4e-4873-a9a8-254a5dc8b6f1,-536.26193236,-1.71267353,0.9038356,0.1346,-1.3174,-1.452,-17.7245,0.1297999999999999,-1.31,-1.4398,-17.7235,7.467667639999945,1.066809662857135,-3.8032761160283686,1.8165000000000013,1.9511000000000003,1.8277000000000037,1.9575000000000031,0.1297999999999999,0.1346,-1.452,-1.4398,-1.3174,-1.31,1.8165000000000013,1.8277000000000037,1.9511000000000003,1.9575000000000031
GaSe_In3Ga69Se68S2_c94e204f-32af-44eb-a19c-a206520213cc,d74bb2cc-8e37-458a-bb62-001948167bad,-541.76180364,-2.02208331,0.0002813,1.2005,-1.3298,-2.5303,-17.33,1.2005,-1.3298,-2.5303,-17.33,5.635796359999858,0.8051137657142655,-3.815223969295775,0.34369999999999834,1.5442,0.34369999999999834,1.5442,1.2005,1.2005,-2.5303,-2.5303,-1.3298,-1.3298,0.34369999999999834,0.34369999999999834,1.5442,1.5442
GaSe_In3Ga68Se69S1_79acc26d-f5a0-4ee2-b1df-2ebbcd4d7d21,001ea209-5f4e-4873-a9a8-254a5dc8b6f1,-535.53085208,-2.26875846,0.9599478,1.1255000000000002,-1.29,-2.4155,-18.0949,0.8331999999999999,-1.289,-2.1222,-18.0948,8.198747919999846,1.171249702857121,-3.7980911495035463,1.2233999999999998,2.3489000000000004,1.5166000000000004,2.3497999999999983,0.8331999999999999,1.1255000000000002,-2.4155,-2.1222,-1.29,-1.289,1.2233999999999998,1.5166000000000004,2.3489000000000004,2.3497999999999983
GaSe_Ga71Se66S3_696c9533-abf9-489a-9520-e36a506be8aa,598126f8-db3c-4ca4-bc99-99ee1ccfbac4,-532.96792739,-2.34930452,0.9077919,0.991,-1.4786,-2.4696,-17.5984,0.7611999999999999,-1.4683,-2.2295,-17.5983,9.493672609999976,1.3562389442857108,-3.8069137670714284,0.6728000000000023,1.663800000000002,0.912799999999999,1.6739999999999995,0.7611999999999999,0.991,-2.4696,-2.2295,-1.4786,-1.4683,0.6728000000000023,0.912799999999999,1.663800000000002,1.6739999999999995
GaSe_Ga71Se66S2_620c1616-ea08-463c-9db0-fe10b05bafe7,a0e17c1b-73cf-4b86-9ef7-5870be699ebd,-526.1366408,-2.25326886,0.5297713,0.6125999999999998,-1.6918,-2.3044,-18.0861,0.5462000000000002,-1.6559,-2.2021,-18.0859,12.1979591999999,1.7425655999999858,-3.7851556892086333,1.3256999999999994,1.9382999999999981,1.4277999999999995,1.9740000000000002,0.5462000000000002,0.6125999999999998,-2.3044,-2.2021,-1.6918,-1.6559,1.3256999999999994,1.4277999999999995,1.9382999999999981,1.9740000000000002
GaSe_In2Ga69Se68S3_2bff1efa-3ce2-4b82-b1a2-343f29260e8a,beb2a876-54ce-4056-a41b-34b6ea7a2ab2,-543.23257383,-2.35151724,0.7404127,1.1079,-1.3406,-2.4485,-18.0187,1.0378,-1.2476,-2.2854,-18.0175,5.577026169999954,0.7967180242857077,-3.8255815058450704,1.1142000000000003,2.222100000000001,1.2760999999999996,2.3139000000000003,1.0378,1.1079,-2.4485,-2.2854,-1.3406,-1.2476,1.1142000000000003,1.2760999999999996,2.222100000000001,2.3139000000000003
GaSe_In3Ga67Se70_be7e6bd4-4a4a-4415-8f74-75db3e6b0589,9b9fa4c0-08d6-4552-a437-d086dae27dd0,-530.84531521,-2.53836101,1.5260944,1.1979,-1.4176,-2.6155,-17.6105,1.0251,-1.4166,-2.4417,-17.6105,9.216284790000032,1.3166121128571473,-3.7917522514999997,0.5389999999999979,1.7368999999999986,0.7127999999999979,1.7378999999999998,1.0251,1.1979,-2.6155,-2.4417,-1.4176,-1.4166,0.5389999999999979,0.7127999999999979,1.7368999999999986,1.7378999999999998
GaSe_In3Ga67Se70S2_9e36ae7f-00e9-436b-bf13-8129502e8f95,a013dac6-ecff-4440-90a9-b03b3d5b1d3f,-541.90939459,-2.64773572,1.739432,1.6976,-1.061,-2.7586,-18.0685,1.5532,-1.0554,-2.6086,-18.0686,6.40620540999987,0.9151722014285529,-3.816263342183099,0.8539000000000012,2.5515000000000008,1.0040000000000013,2.5572000000000017,1.5532,1.6976,-2.7586,-2.6086,-1.061,-1.0554,0.8539000000000012,1.0040000000000013,2.5515000000000008,2.5572000000000017
GaSe_In2Ga69Se68S2_7e14b224-4984-4da2-822b-e18b87f8c057,cd12e4c0-a7a9-4082-956b-9a80515bacbb,-536.59894079,-2.38314501,0.0357343,1.0348,-1.3587,-2.3935,-17.9493,1.0303,-1.3584,-2.3887,-17.9493,8.08365920999995,1.1548084585714216,-3.805666246737589,1.0998000000000019,2.1346000000000025,1.1046000000000014,2.134900000000002,1.0303,1.0348,-2.3935,-2.3887,-1.3587,-1.3584,1.0998000000000019,1.1046000000000014,2.1346000000000025,2.134900000000002
GaSe_In2Ga69Se68S3_fd2ccf4f-d2c8-473d-b700-c2167a5602b3,beb2a876-54ce-4056-a41b-34b6ea7a2ab2,-543.13931712,-2.26708102,0.9532396,1.1671,-1.2588,-2.4259,-17.9662,1.037,-1.1037,-2.1407,-17.966,5.670282879999945,0.8100404114285636,-3.824924768450704,1.0843000000000007,2.2514000000000003,1.3693000000000026,2.4063000000000017,1.037,1.1671,-2.4259,-2.1407,-1.2588,-1.1037,1.0843000000000007,1.3693000000000026,2.2514000000000003,2.4063000000000017
GaSe_In2Ga68Se69S2_df48a0b3-6a11-4d36-9371-289aa948f061,db6a2565-86bc-4f97-b439-52711da0b718,-536.94310996,-2.21665236,0.0001077,0.8286,-1.1704,-1.999,-18.0291,0.8286,-1.1704,-1.999,-18.0291,8.19849003999991,1.17121286285713,-3.8081071628368797,1.5741000000000014,2.4026999999999994,1.5741000000000014,2.4026999999999994,0.8286,0.8286,-1.999,-1.999,-1.1704,-1.1704,1.5741000000000014,1.5741000000000014,2.4026999999999994,2.4026999999999994
GaSe_In3Ga69Se68_85e0bfaf-6f7c-4a92-b25b-845cd9cca4f6,0ccad838-5ab5-450c-9751-0f417c54ad3b,-528.16410531,-2.04045952,0.0002974,0.9173999999999998,-1.58,-2.4974,-17.6442,0.9173999999999998,-1.58,-2.4974,-17.6442,10.979494690000024,1.5684992414285748,-3.7726007522142857,0.690800000000003,1.6082,0.690800000000003,1.6082,0.9173999999999998,0.9173999999999998,-2.4974,-2.4974,-1.58,-1.58,0.690800000000003,0.690800000000003,1.6082,1.6082
GaSe_Ga70Se67S2_32ad0302-c344-46f4-8693-8df2e0ec0795,7c83d9d6-12f1-44dc-a5a8-940088c8b871,-527.69330026,-1.98528752,2e-06,1.0203000000000002,-1.4983,-2.5186,-18.2244,1.0203000000000002,-1.4983,-2.5186,-18.2244,11.100299739999969,1.5857571057142812,-3.7963546781294966,1.2498000000000005,2.2700999999999993,1.2498000000000005,2.2700999999999993,1.0203000000000002,1.0203000000000002,-2.5186,-2.5186,-1.4983,-1.4983,1.2498000000000005,1.2498000000000005,2.2700999999999993,2.2700999999999993
GaSe_In2Ga69Se68S3_6f26814a-6c20-4f44-9775-16c374ef0dce,beb2a876-54ce-4056-a41b-34b6ea7a2ab2,-543.18304294,-2.47447408,0.619883,1.2542999999999995,-1.294,-2.5483,-18.0223,1.2153,-1.2441,-2.4594,-18.0224,5.626557059999982,0.8037938657142831,-3.825232696760563,1.0180000000000025,2.2723000000000013,1.107000000000001,2.322300000000002,1.2153,1.2542999999999995,-2.5483,-2.4594,-1.294,-1.2441,1.0180000000000025,1.107000000000001,2.2723000000000013,2.322300000000002
GaSe_In5Ga65Se72_1f2137b7-3d1c-4c1d-a40f-40a2c1ddaa3d,94590081-149b-4110-8194-bbcbc47218da,-540.32340011,-2.59067462,1.0388803,1.5091,-1.1108,-2.6199,-18.101,1.4409,-1.1077,-2.5486,-18.1012,6.086199889999989,0.8694571271428556,-3.8050943669718307,1.0251000000000001,2.5341999999999985,1.0965999999999987,2.537499999999998,1.4409,1.5091,-2.6199,-2.5486,-1.1108,-1.1077,1.0251000000000001,1.0965999999999987,2.5341999999999985,2.537499999999998
GaSe_In2Ga69Se68S2_994349bb-4608-4ab9-ba87-8cf360e13114,cd12e4c0-a7a9-4082-956b-9a80515bacbb,-536.47294928,-2.44547713,0.199939,1.1,-1.3766,-2.4766,-18.0559,1.0817,-1.3622,-2.4439,-18.0557,8.209650720000013,1.1728072457142875,-3.8047726899290777,1.1233000000000022,2.223300000000002,1.1558000000000028,2.2375000000000007,1.0817,1.1,-2.4766,-2.4439,-1.3766,-1.3622,1.1233000000000022,1.1558000000000028,2.223300000000002,2.2375000000000007
GaSe_In3Ga69Se68S4_d8cfa34f-1143-46c3-9061-901dd3f56eb4,10d53a57-a81a-4c2a-8edb-7069979817fc,-555.3845892,-2.26461751,0.0003142,1.7858,-0.9931,-2.7789,-17.3121,1.7858,-0.993,-2.7788,-17.3121,0.2670107999998663,0.038144399999980906,-3.856837425,0.07720000000000127,1.863000000000003,0.07730000000000103,1.8631000000000029,1.7858,1.7858,-2.7789,-2.7788,-0.9931,-0.993,0.07720000000000127,0.07730000000000103,1.863000000000003,1.8631000000000029
GaSe_In2Ga69Se68S3_dafb629f-124f-45fc-b2bc-f870531d964a,beb2a876-54ce-4056-a41b-34b6ea7a2ab2,-543.22425795,-2.4933988,0.2003769,1.2594999999999998,-1.2625,-2.522,-18.088,1.2544,-1.254,-2.5084,-18.0881,5.585342049999895,0.7979060071428421,-3.8255229433098594,1.1100000000000012,2.369500000000002,1.1237000000000013,2.3781,1.2544,1.2594999999999998,-2.522,-2.5084,-1.2625,-1.254,1.1100000000000012,1.1237000000000013,2.369500000000002,2.3781
GaSe_In1Ga68Se69S1_a837fd88-5a74-4e6e-98f4-5b6417397e5a,efd15d51-3804-4d27-9b58-859d875ef8fb,-524.86380405,-2.53399462,0.4914363,0.6811000000000003,-1.9324,-2.6135,-18.2855,0.6188000000000002,-1.9322,-2.551,-18.2856,13.435795949999942,1.9193994214285632,-3.7759985902877697,1.2159999999999993,1.8970999999999982,1.278599999999999,1.897400000000001,0.6188000000000002,0.6811000000000003,-2.6135,-2.551,-1.9324,-1.9322,1.2159999999999993,1.278599999999999,1.8970999999999982,1.897400000000001
GaSe_In2Ga65Se72_ebf512e4-3be0-4d76-af95-5850844d70fc,ce91aeef-060c-4e6f-af7e-e237a2422a93,-525.50650181,-2.42325907,0.9009804,1.0571000000000002,-1.501,-2.5581,-18.1614,0.8873000000000002,-1.5008,-2.3881,-18.1613,12.758098189999941,1.8225854557142773,-3.780622315179856,1.1473000000000013,2.2043999999999997,1.3172000000000015,2.2044999999999995,0.8873000000000002,1.0571000000000002,-2.5581,-2.3881,-1.501,-1.5008,1.1473000000000013,1.3172000000000015,2.2043999999999997,2.2044999999999995
GaSe_In3Ga68Se69S2_03235344-7dfa-45da-b8ee-83906b6a5875,fa2367e3-380a-4cdc-a410-2076506a0c6d,-542.84678265,-2.33020375,0.9542715,1.2403,-1.233,-2.4733,-17.6049,1.0976,-1.0895,-2.1871,-17.5949,5.009817349999935,0.7156881928571336,-3.822864666549296,0.6756000000000011,1.9159000000000006,0.9517999999999986,2.0493999999999986,1.0976,1.2403,-2.4733,-2.1871,-1.233,-1.0895,0.6756000000000011,0.9517999999999986,1.9159000000000006,2.0493999999999986
GaSe_In1Ga69Se68S2_4e246190-8ae9-4502-8be8-1817fdff1052,3ad5097b-a05a-422e-9a2a-8f15a9c76b70,-531.7034112,-2.20186372,0.0003436,0.4690000000000001,-1.4646,-1.9336,-17.9958,0.4690000000000001,-1.4646,-1.9336,-17.9958,10.264188799999943,1.4663126857142774,-3.797881508571429,1.6062000000000012,2.075199999999999,1.6062000000000012,2.075199999999999,0.4690000000000001,0.4690000000000001,-1.9336,-1.9336,-1.4646,-1.4646,1.6062000000000012,1.6062000000000012,2.075199999999999,2.075199999999999
GaSe_In4Ga67Se70S1_46ae426c-db57-4480-b3e7-2c25a488aeca,7f7136ce-b0f4-490e-8d85-de0d20ee708e,-540.95135295,-2.48028561,0.547575,1.1513,-1.3876,-2.5389,-17.9816,1.1222,-1.3863,-2.5085,-17.9819,5.952247049999983,0.8503210071428546,-3.8095165700704223,0.9867000000000008,2.1380000000000017,1.0174000000000003,2.1396000000000015,1.1222,1.1513,-2.5389,-2.5085,-1.3876,-1.3863,0.9867000000000008,1.0174000000000003,2.1380000000000017,2.1396000000000015
GaSe_In2Ga66Se71_1600a2e2-a660-41ca-9dc3-b6eb028fe777,741e3cea-d81d-4a52-8ac8-aea5f6be9844,-523.97034662,-2.67461071,2.5083298,1.2052999999999998,-1.4598,-2.6651,-18.2837,1.0943,-1.4558,-2.5501,-18.2838,13.835253379999926,1.976464768571418,-3.7695708389928058,1.1626000000000012,2.367899999999999,1.2776999999999994,2.372,1.0943,1.2052999999999998,-2.6651,-2.5501,-1.4598,-1.4558,1.1626000000000012,1.2776999999999994,2.367899999999999,2.372
GaSe_In1Ga69Se65S4_02249b84-a78c-4687-9e50-fb6fed9c6899,09b52803-46c8-4261-a682-387a87b0f1da,-528.54574594,-2.11419237,2.94e-05,0.9838,-1.6206,-2.6044,-17.9119,0.9838,-1.6206,-2.6044,-17.9119,11.208854060000021,1.1208854060000022,-3.802487380863309,0.8514999999999997,1.8353000000000002,0.8514999999999997,1.8353000000000002,0.9838,0.9838,-2.6044,-2.6044,-1.6206,-1.6206,0.8514999999999997,0.8514999999999997,1.8353000000000002,1.8353000000000002
GaSe_In1Ga71Se63S5_23bf5367-5c58-49c5-a8b3-56072120d166,ac3e2ba3-ea1a-4446-8088-2b7093939101,-532.62756495,-2.05554439,1.55e-05,0.9316999999999998,-1.5878,-2.5195,-17.4471,0.9316999999999998,-1.5878,-2.5195,-17.4471,10.336035049999964,1.0336035049999963,-3.804482606785714,0.4715999999999987,1.4032999999999998,0.4715999999999987,1.4032999999999998,0.9316999999999998,0.9316999999999998,-2.5195,-2.5195,-1.5878,-1.5878,0.4715999999999987,0.4715999999999987,1.4032999999999998,1.4032999999999998
GaSe_In1Ga68Se66S2_5f5445d7-9afb-4173-86d5-820dbfa72c7f,affc13e8-8284-49a4-a157-f581572f844b,-516.06408835,-2.29509906,0.8520379,0.8399000000000001,-1.5591,-2.399,-18.1497,0.6345000000000001,-1.5572,-2.1917,-18.1496,15.89551164999989,1.589551164999989,-3.7668911558394162,1.2946999999999989,2.134599999999999,1.5018999999999991,2.1363999999999983,0.6345000000000001,0.8399000000000001,-2.399,-2.1917,-1.5591,-1.5572,1.2946999999999989,1.5018999999999991,2.134599999999999,2.1363999999999983
GaSe_In3Ga67Se67S1_d97a7de7-bbe2-4670-87c9-12ff88161c8f,28215dc4-16cb-42ba-918d-178264d3746a,-518.38483661,-2.45950631,0.0141603,1.0016,-1.3953,-2.3969,-18.0057,1.0016,-1.3953,-2.3969,-18.0057,15.336763389999987,1.5336763389999988,-3.7564118594927534,1.152800000000001,2.1544000000000025,1.152800000000001,2.1544000000000025,1.0016,1.0016,-2.3969,-2.3969,-1.3953,-1.3953,1.152800000000001,1.152800000000001,2.1544000000000025,2.1544000000000025
GaSe_In4Ga64Se70_c3af868e-bb15-46ce-b431-316709dace93,dec373d7-3cb1-4a84-b5d3-77eb1f55aa8e,-519.68964416,-2.13249554,0.0001879,0.3800999999999999,-1.6005,-1.9806,-18.0088,0.3800999999999999,-1.6005,-1.9806,-18.0088,13.996955840000055,1.3996955840000056,-3.765866986666666,1.5722000000000023,1.952300000000001,1.5722000000000023,1.952300000000001,0.3800999999999999,0.3800999999999999,-1.9806,-1.9806,-1.6005,-1.6005,1.5722000000000023,1.5722000000000023,1.952300000000001,1.952300000000001
GaSe_In2Ga66Se68S1_a11259ba-7354-446d-bd75-067674be6956,2935bc69-8be3-4088-9836-a1268a23f626,-516.47677567,-2.05536833,8.16e-05,0.3631999999999999,-1.5766,-1.9398,-18.1294,0.3631999999999999,-1.5766,-1.9398,-18.1294,14.988824329999943,1.4988824329999944,-3.769903472043796,1.7335999999999991,2.0968000000000018,1.7335999999999991,2.0968000000000018,0.3631999999999999,0.3631999999999999,-1.9398,-1.9398,-1.5766,-1.5766,1.7335999999999991,1.7335999999999991,2.0968000000000018,2.0968000000000018
GaSe_In4Ga65Se69S2_bd43dccd-f72f-4fb5-b9e5-d4d8df6659a8,af648fea-8311-419b-b04d-73663c39ab65,-532.90792635,-2.62229948,0.8338787,1.3536,-1.3956,-2.7492,-17.8356,1.2265,-1.3945,-2.621,-17.8356,8.573673649999932,0.8573673649999932,-3.806485188214286,0.6303999999999998,1.9839999999999982,0.7585999999999995,1.9850999999999992,1.2265,1.3536,-2.7492,-2.621,-1.3956,-1.3945,0.6303999999999998,0.7585999999999995,1.9839999999999982,1.9850999999999992
GaSe_In4Ga67Se67S2_035cdce4-a2c2-4ba9-ab4c-ed2a12bf7c13,bad5195f-edda-4e2f-8dde-90d3c9d5d178,-531.06692809,-1.9004516,0.9086264,0.6001000000000001,-1.4204,-2.0205,-17.6809,0.4284999999999999,-1.3519,-1.7804,-17.6758,9.496671909999918,0.9496671909999919,-3.7933352006428573,1.2044000000000015,1.8045000000000009,1.4393999999999991,1.8678999999999988,0.4284999999999999,0.6001000000000001,-2.0205,-1.7804,-1.4204,-1.3519,1.2044000000000015,1.4393999999999991,1.8045000000000009,1.8678999999999988
GaSe_In5Ga66Se68S2_ddc0a024-b5cd-49e8-863e-29ce9b8d29c6,a6a75256-d081-42b7-887b-2b3b5364e8fa,-535.50095989,-2.44730305,0.0107287,1.1425,-1.3428,-2.4853,-17.9783,1.1418,-1.3428,-2.4846,-17.9783,8.23664010999994,0.823664010999994,-3.7978791481560283,1.0370000000000008,2.179500000000001,1.037700000000001,2.179500000000001,1.1418,1.1425,-2.4853,-2.4846,-1.3428,-1.3428,1.0370000000000008,1.037700000000001,2.179500000000001,2.179500000000001
GaSe_In2Ga66Se68S1_717422f5-8cb7-482d-bd81-b1df84a371e7,2935bc69-8be3-4088-9836-a1268a23f626,-513.88397001,-2.17435311,0.0001749,0.0763,-1.8467,-1.923,-18.2765,0.0763,-1.8467,-1.923,-18.2765,17.58162999000001,1.758162999000001,-3.7509778832846714,1.8974999999999973,1.9738000000000007,1.8974999999999973,1.9738000000000007,0.0763,0.0763,-1.923,-1.923,-1.8467,-1.8467,1.8974999999999973,1.8974999999999973,1.9738000000000007,1.9738000000000007
GaSe_In4Ga64Se70S1_d7f1ce54-523c-4674-b8b7-c70f51c206f2,f59d5a9d-2b77-47a0-bbcf-7dae90e78458,-525.05779266,-2.56452304,1.8157509,1.249,-1.4408,-2.6898,-18.1647,1.0203000000000002,-1.4394,-2.4597,-18.1648,12.755807339999933,1.2755807339999934,-3.777394191798561,1.0189000000000004,2.267900000000001,1.2491000000000003,2.269400000000001,1.0203000000000002,1.249,-2.6898,-2.4597,-1.4408,-1.4394,1.0189000000000004,1.2491000000000003,2.267900000000001,2.269400000000001
GaSe_In4Ga66Se68S2_3a178704-366d-4ce0-8551-9b27e9fc4ac6,b51d1a4a-7af0-4626-9694-912864253691,-532.05800263,-2.05402572,9.35e-05,1.2126,-1.3457,-2.5583,-18.1761,1.2126,-1.3457,-2.5583,-18.1761,8.964597369999865,0.8964597369999865,-3.8004143045000003,1.161800000000003,2.3744000000000014,1.161800000000003,2.3744000000000014,1.2126,1.2126,-2.5583,-2.5583,-1.3457,-1.3457,1.161800000000003,1.161800000000003,2.3744000000000014,2.3744000000000014
GaSe_In3Ga68Se66S5_fe194f55-73d9-4d98-aaf3-e4244a7d4d61,d8bc712e-d46c-4815-83c8-2ff1403e644e,-544.13425789,-2.48783505,0.375951,1.3165999999999998,-1.2111,-2.5277,-17.9962,1.3056,-1.2029,-2.5085,-17.9964,5.636342109999987,0.5636342109999987,-3.831931393591549,1.0125000000000028,2.3291000000000004,1.031900000000002,2.337500000000002,1.3056,1.3165999999999998,-2.5277,-2.5085,-1.2111,-1.2029,1.0125000000000028,1.031900000000002,2.3291000000000004,2.337500000000002
GaSe_In5Ga65Se69S1_8edec0d3-9c10-40cf-8acb-bb9ac228c05c,1e70d8cd-de72-472f-93f9-1fb3f1b01f1c,-530.15577261,-1.86472856,7.11e-05,0.9333,-1.4038,-2.3371,-17.8898,0.9333,-1.4038,-2.3371,-17.8898,9.913827389999938,0.9913827389999937,-3.7868269472142857,1.096700000000002,2.030000000000001,1.096700000000002,2.030000000000001,0.9333,0.9333,-2.3371,-2.3371,-1.4038,-1.4038,1.096700000000002,1.096700000000002,2.030000000000001,2.030000000000001
GaSe_In1Ga70Se64S5_ae04a5b3-bfd1-4aa0-b7c0-57ee850032e6,f85ee336-4816-4711-8521-538eda9b3998,-533.62332979,-2.52793252,0.221319,1.0633,-1.516,-2.5793,-18.109,1.0542999999999998,-1.5157,-2.57,-18.1091,9.799270210000032,0.9799270210000032,-3.811595212785714,1.0737000000000023,2.137000000000004,1.0831000000000017,2.137400000000003,1.0542999999999998,1.0633,-2.5793,-2.57,-1.516,-1.5157,1.0737000000000023,1.0831000000000017,2.137000000000004,2.137400000000003
GaSe_In1Ga70Se64S5_15a4dbb0-f507-4e85-b331-9c40d22a9523,f85ee336-4816-4711-8521-538eda9b3998,-533.15627047,-2.41804113,0.0465986,0.9258000000000002,-1.4966,-2.4224,-18.0453,0.9188,-1.4962,-2.415,-18.0452,10.266329530000007,1.0266329530000007,-3.808259074785714,1.1669000000000018,2.0927000000000007,1.1742000000000026,2.093,0.9188,0.9258000000000002,-2.4224,-2.415,-1.4966,-1.4962,1.1669000000000018,1.1742000000000026,2.0927000000000007,2.093
GaSe_In4Ga68Se66S2_603d7640-2e7a-4f0d-8e40-6ec0c93bd44d,898989ac-ca4c-4bf0-b722-23dd422d1d6f,-529.99320787,-2.08977941,0.0003782,0.6401999999999999,-1.7697,-2.4099,-17.4614,0.6401999999999999,-1.7697,-2.4099,-17.4614,10.1113921299999,1.0111392129999899,-3.7856657705,0.5955000000000013,1.2357000000000014,0.5955000000000013,1.2357000000000014,0.6401999999999999,0.6401999999999999,-2.4099,-2.4099,-1.7697,-1.7697,0.5955000000000013,0.5955000000000013,1.2357000000000014,1.2357000000000014
GaSe_In1Ga68Se66S4_0d41c812-2081-4ea4-b458-84678479a0ba,cf60fb54-a893-4b78-9f3f-535f569086c3,-527.174637,-2.45578285,0.8481388,0.6535,-1.9128,-2.5663,-18.2469,0.5053000000000003,-1.9121,-2.4174,-18.247,13.038962999999967,1.3038962999999968,-3.792623287769784,1.2246000000000006,1.8780999999999999,1.3735999999999997,1.8789000000000016,0.5053000000000003,0.6535,-2.5663,-2.4174,-1.9128,-1.9121,1.2246000000000006,1.3735999999999997,1.8780999999999999,1.8789000000000016
GaSe_In1Ga69Se65S4_389ec4dc-36a2-4c96-babf-baa115b3ee0e,09b52803-46c8-4261-a682-387a87b0f1da,-527.12631465,-2.1046648,0.0003473,0.8018999999999998,-1.7037,-2.5056,-18.3096,0.802,-1.7037,-2.5057,-18.3096,12.628285349999942,1.2628285349999941,-3.792275644964029,1.3480000000000008,2.149899999999999,1.3478999999999992,2.149899999999999,0.8018999999999998,0.802,-2.5057,-2.5056,-1.7037,-1.7037,1.3478999999999992,1.3480000000000008,2.149899999999999,2.149899999999999
GaSe_In2Ga67Se67S1_ea0fdddd-a28e-41d1-a2f5-1a06132f43e5,4bd37b51-d65e-49dd-af39-e3c7c0a49acc,-514.5136382,-2.55770305,0.1328118,0.8122999999999998,-1.7817,-2.594,-17.9379,0.7970999999999999,-1.7816,-2.5787,-17.9379,16.49296179999999,1.649296179999999,-3.7555740014598538,0.8879000000000001,1.7001999999999988,0.9032,1.7002999999999986,0.7970999999999999,0.8122999999999998,-2.594,-2.5787,-1.7817,-1.7816,0.8879000000000001,0.9032,1.7001999999999988,1.7002999999999986
GaSe_In2Ga68Se66S4_e3336317-eb16-4da7-8119-06a029b818c7,13d1f79d-b1e0-400b-9a88-cecc3743432c,-532.96039613,-2.4588736,0.0304512,0.6803999999999999,-1.6874,-2.3678,-18.1053,0.6803999999999999,-1.6874,-2.3678,-18.1053,9.968203869999911,0.9968203869999911,-3.806859972357143,1.2815000000000012,1.9619,1.2815000000000012,1.9619,0.6803999999999999,0.6803999999999999,-2.3678,-2.3678,-1.6874,-1.6874,1.2815000000000012,1.2815000000000012,1.9619,1.9619
GaSe_In5Ga65Se69S3_6f9a549c-db5c-4d72-b471-907a07cba0b8,bf6932ee-4856-4693-83a3-044da935f88a,-541.53712839,-2.62475,1.8350944,1.6644,-1.0917,-2.7561,-18.0594,1.5258,-1.0889,-2.6147,-18.0596,6.786471609999921,0.6786471609999921,-3.813641749225352,0.8473000000000006,2.511700000000001,0.988900000000001,2.5147000000000013,1.5258,1.6644,-2.7561,-2.6147,-1.0917,-1.0889,0.8473000000000006,0.988900000000001,2.511700000000001,2.5147000000000013
GaSe_Ga70Se64S4_6666a267-b668-4436-a866-fdd6e395c44f,4f4d7256-f674-403c-9e41-a9fd7a8f6dfa,-521.97346336,-2.07415609,5.64e-05,0.9137000000000002,-1.6133,-2.527,-18.2346,0.9137000000000002,-1.6133,-2.527,-18.2346,14.607136639999908,1.4607136639999907,-3.7824164011594203,1.2515999999999998,2.165300000000002,1.2515999999999998,2.165300000000002,0.9137000000000002,0.9137000000000002,-2.527,-2.527,-1.6133,-1.6133,1.2515999999999998,1.2515999999999998,2.165300000000002,2.165300000000002
GaSe_In1Ga67Se67S1_8df4e602-6350-4ef9-a139-2d2213ff8d6e,ed5329d7-fa1c-49c3-bc78-a83117dfb24e,-508.48506871,-2.42561358,0.0018534,0.5811,-1.776,-2.3571,-18.3073,0.5806999999999998,-1.7759,-2.3566,-18.3073,19.806531289999953,1.9806531289999953,-3.7388607993382355,1.4942000000000029,2.075300000000002,1.4947000000000017,2.075400000000002,0.5806999999999998,0.5811,-2.3571,-2.3566,-1.776,-1.7759,1.4942000000000029,1.4947000000000017,2.075300000000002,2.075400000000002
GaSe_In2Ga67Se67S2_10d8ddff-9937-4d72-8443-add3e5388c3a,3ae0d452-a3d8-43bc-83eb-15b6d550aa08,-521.02732758,-2.54607726,0.4377809,0.726,-1.8895,-2.6155,-18.2967,0.6526999999999998,-1.8893,-2.542,-18.2968,14.106272419999868,1.4106272419999868,-3.7755603447826087,1.225200000000001,1.9512000000000036,1.2988000000000017,1.951500000000003,0.6526999999999998,0.726,-2.6155,-2.542,-1.8895,-1.8893,1.225200000000001,1.2988000000000017,1.9512000000000036,1.951500000000003
GaSe_In5Ga66Se68_5223fb1a-ec2e-4c79-9a79-4d768bd0d780,9910e3ce-e74a-4b44-95e7-b85730482cf2,-522.853545,-2.43432576,0.2589746,0.6095999999999999,-1.8689,-2.4785,-17.5298,0.5612999999999999,-1.8658,-2.4271,-17.5298,12.630054999999857,1.2630054999999856,-3.761536294964029,0.5953000000000017,1.204900000000002,0.6467000000000027,1.208000000000002,0.5612999999999999,0.6095999999999999,-2.4785,-2.4271,-1.8689,-1.8658,0.5953000000000017,0.6467000000000027,1.204900000000002,1.208000000000002
GaSe_In3Ga68Se66S2_89602c97-55fb-4749-95e6-3b4629857c03,546747ee-3a99-4aac-9e9c-91b3b96f8912,-524.00809262,-2.39840615,0.0002269,0.9315,-1.4858,-2.4173,-18.0027,0.9313999999999998,-1.4858,-2.4172,-18.0027,13.381507380000016,1.3381507380000017,-3.76984239294964,1.1294000000000004,2.0609,1.129500000000002,2.0609,0.9313999999999998,0.9315,-2.4173,-2.4172,-1.4858,-1.4858,1.1294000000000004,1.129500000000002,2.0609,2.0609
GaSe_In4Ga68Se66S5_4921b42e-4619-4dc3-aa08-96ee61874705,23ada67f-d2d3-46fd-814b-9d412eb3b178,-549.49942107,-2.00118479,0.0001723,1.3191,-1.2145,-2.5336,-17.2994,1.3191,-1.2145,-2.5336,-17.2994,2.9861789299999373,0.29861789299999375,-3.8426532941958045,0.3097999999999992,1.628899999999998,0.3097999999999992,1.628899999999998,1.3191,1.3191,-2.5336,-2.5336,-1.2145,-1.2145,0.3097999999999992,0.3097999999999992,1.628899999999998,1.628899999999998
GaSe_In4Ga65Se69S2_64511aa8-d266-499f-b484-24eba199f3c7,af648fea-8311-419b-b04d-73663c39ab65,-530.6307561,-2.47126193,0.7417308,0.7795000000000001,-1.791,-2.5705,-17.994,0.6874,-1.7903,-2.4777,-17.994,10.850843899999973,1.0850843899999973,-3.7902196864285713,0.9675000000000011,1.7469999999999999,1.0602999999999998,1.7477000000000018,0.6874,0.7795000000000001,-2.5705,-2.4777,-1.791,-1.7903,0.9675000000000011,1.0602999999999998,1.7469999999999999,1.7477000000000018
GaSe_In4Ga65Se69S2_40e4a400-0b6a-476e-829d-7f337dd43ffb,af648fea-8311-419b-b04d-73663c39ab65,-530.63675732,-2.63953936,2.2725478,1.3343,-1.3541,-2.6884,-18.1211,1.2461000000000002,-1.3455,-2.5916,-18.1214,10.844842679999942,1.0844842679999942,-3.7902625522857143,0.9766999999999992,2.311,1.073800000000002,2.3199000000000005,1.2461000000000002,1.3343,-2.6884,-2.5916,-1.3541,-1.3455,0.9766999999999992,1.073800000000002,2.311,2.3199000000000005
GaSe_In5Ga64Se70_9e01ea7c-7844-4783-abae-f8c0f572e942,6abd3eb6-eb71-4f18-974d-5b44c5ed7362,-523.81486864,-2.34600417,0.5025101,0.8776999999999999,-1.5406,-2.4183,-17.9725,0.7795000000000001,-1.5402,-2.3197,-17.972,12.58673135999993,1.258673135999993,-3.7684522923741004,1.0982000000000003,1.9758999999999993,1.1963000000000008,1.975800000000003,0.7795000000000001,0.8776999999999999,-2.4183,-2.3197,-1.5406,-1.5402,1.0982000000000003,1.1963000000000008,1.975800000000003,1.9758999999999993
GaSe_In3Ga66Se68S4_747f3562-5b1d-4366-bd29-076b7e34b1cd,3dc207d5-9bc9-4b8a-b01f-b6ac264b59b3,-538.37842363,-2.67944867,1.5287432,1.5108,-1.1857,-2.6965,-18.1041,1.4459000000000002,-1.1819,-2.6278,-18.1042,8.183176369999956,0.8183176369999956,-3.818286692411348,0.9515999999999991,2.462399999999999,1.0203999999999986,2.4663000000000004,1.4459000000000002,1.5108,-2.6965,-2.6278,-1.1857,-1.1819,0.9515999999999991,1.0203999999999986,2.462399999999999,2.4663000000000004
GaSe_In1Ga66Se68S2_d467b9a4-7bbd-4c07-a219-7e3a1731bf46,997fd76d-c729-4e63-a8c2-03892bdf3c66,-517.08572759,-2.55420329,0.5097996,0.8596000000000001,-1.7709,-2.6305,-18.227,0.8103000000000002,-1.7704,-2.5807,-18.227,15.791872409999883,1.5791872409999883,-3.7743483765693435,1.1405000000000012,2.0000999999999998,1.1903000000000006,2.000600000000002,0.8103000000000002,0.8596000000000001,-2.6305,-2.5807,-1.7709,-1.7704,1.1405000000000012,1.1903000000000006,2.0000999999999998,2.000600000000002
GaSe_In5Ga65Se69S2_100f38d8-34a6-4ed0-95b1-b5112e1a81ae,6dde2ea5-c803-40b4-8ac6-94db4669fa3a,-535.80612625,-2.02710304,0.0002357,0.6351000000000002,-1.7099,-2.345,-17.9086,0.6351000000000002,-1.7099,-2.345,-17.9086,8.390473749999956,0.8390473749999956,-3.8000434485815604,1.1075999999999997,1.7426999999999992,1.1075999999999997,1.7426999999999992,0.6351000000000002,0.6351000000000002,-2.345,-2.345,-1.7099,-1.7099,1.1075999999999997,1.1075999999999997,1.7426999999999992,1.7426999999999992
GaSe_In3Ga66Se68S2_aa5bfe02-d720-441a-b84f-ec3dfb95d416,ed8c7729-c099-4875-b31d-6ca804836a3b,-524.96703464,-2.50334685,0.1432969,0.6189,-1.9527,-2.5716,-18.2175,0.6147,-1.9526,-2.5673,-18.2175,13.340565360000028,1.3340565360000027,-3.7767412564028775,1.1899000000000015,1.8088000000000015,1.1942000000000021,1.8089000000000013,0.6147,0.6189,-2.5716,-2.5673,-1.9527,-1.9526,1.1899000000000015,1.1942000000000021,1.8088000000000015,1.8089000000000013
GaSe_In3Ga67Se67S4_7e2a44be-e9ba-42d6-8160-272348f220b3,9ca8b9e4-d109-4724-a2b5-2bf4bc9b1b41,-537.57438194,-2.09772326,0.0001891,0.6643999999999999,-1.221,-1.8854,-18.0336,0.6643999999999999,-1.221,-1.8854,-18.0336,8.528218059999972,0.8528218059999972,-3.812584269078014,1.6921999999999997,2.3566000000000003,1.6921999999999997,2.3566000000000003,0.6643999999999999,0.6643999999999999,-1.8854,-1.8854,-1.221,-1.221,1.6921999999999997,1.6921999999999997,2.3566000000000003,2.3566000000000003
GaSe_In3Ga65Se69S2_e19b4160-0612-4519-80c5-2bbde761b03a,052f254b-61d6-4ded-a6c6-f08d57e43bf2,-524.77188081,-2.53293059,1.7996306,0.8267999999999998,-1.8196,-2.6464,-18.1462,0.5627000000000002,-1.8185,-2.3812,-18.1464,13.994719189999955,1.3994719189999956,-3.7753372720143883,1.043800000000001,1.8705999999999996,1.3092000000000006,1.8719000000000001,0.5627000000000002,0.8267999999999998,-2.6464,-2.3812,-1.8196,-1.8185,1.043800000000001,1.3092000000000006,1.8705999999999996,1.8719000000000001
GaSe_In2Ga66Se68S2_6645a312-03ed-48bb-8282-4db3d0aaea65,ca290bfc-c013-4f5c-a0c4-1931ed45e6d6,-522.59220855,-2.19673427,0.0002787,0.5882000000000001,-1.3687,-1.9569,-18.0487,0.5882000000000001,-1.3687,-1.9569,-18.0487,13.000391449999938,1.3000391449999937,-3.786900061956522,1.6357999999999997,2.224,1.6357999999999997,2.224,0.5882000000000001,0.5882000000000001,-1.9569,-1.9569,-1.3687,-1.3687,1.6357999999999997,1.6357999999999997,2.224,2.224
GaSe_In4Ga65Se69S1_792ebd8c-c387-4943-b718-9867c5352d1e,7d210f05-77e8-4e4e-b8f1-4e9319f72fe9,-523.92322154,-2.44733353,0.0163356,0.6595999999999997,-1.8161,-2.4757,-17.9811,0.6593999999999998,-1.8161,-2.4755,-17.9811,13.431378459999905,1.3431378459999905,-3.7692318096402877,1.049400000000002,1.7090000000000032,1.0496000000000016,1.7090000000000032,0.6593999999999998,0.6595999999999997,-2.4757,-2.4755,-1.8161,-1.8161,1.049400000000002,1.0496000000000016,1.7090000000000032,1.7090000000000032
GaSe_In5Ga67Se67_1534c9a7-30a2-46b8-b91b-5aac35fe4ed7,b02bcbbb-62f8-418d-a50c-42755993c239,-521.72058517,-2.01245036,2.94e-05,0.9033,-1.5599,-2.4632,-17.3585,0.9033,-1.5599,-2.4632,-17.3585,13.304014829999915,1.3304014829999915,-3.753385504820144,0.43929999999999936,1.3425999999999991,0.43929999999999936,1.3425999999999991,0.9033,0.9033,-2.4632,-2.4632,-1.5599,-1.5599,0.43929999999999936,0.43929999999999936,1.3425999999999991,1.3425999999999991
GaSe_In4Ga65Se69S1_a70b6427-3953-4a4c-8d39-d9ad1ec24c28,7d210f05-77e8-4e4e-b8f1-4e9319f72fe9,-524.40232415,-2.27570289,0.4186967,0.7098000000000002,-1.6057,-2.3155,-18.0737,0.6337000000000002,-1.6046,-2.2383,-18.0729,12.952275849999864,1.2952275849999864,-3.7726785910071943,1.3021999999999991,2.0120000000000005,1.3786000000000005,2.0122999999999998,0.6337000000000002,0.7098000000000002,-2.3155,-2.2383,-1.6057,-1.6046,1.3021999999999991,1.3786000000000005,2.0120000000000005,2.0122999999999998
GaSe_In3Ga68Se66S4_f017077f-b5db-4ed0-a743-09d82e3b4e7a,4b3acdc1-422a-42ee-923e-605573436319,-537.6557254,-2.26600337,0.5246333,0.9410000000000004,-1.376,-2.317,-18.0104,0.8834,-1.3327,-2.2161,-18.0104,7.987874599999941,0.7987874599999941,-3.8131611730496457,1.237400000000001,2.1784,1.3383000000000003,2.221700000000002,0.8834,0.9410000000000004,-2.317,-2.2161,-1.376,-1.3327,1.237400000000001,1.3383000000000003,2.1784,2.221700000000002
GaSe_In3Ga67Se67S3_e037d00b-71d3-4979-8e54-e9647a17f6f2,1a487314-1de5-48cd-9e15-c10a15443040,-532.08414012,-2.51440381,1.3574892,1.2061,-1.3675,-2.5736,-17.7996,1.0838,-1.3512,-2.435,-17.7965,9.891459879999957,0.9891459879999956,-3.800601000857143,0.7700000000000031,1.9761000000000024,0.9055000000000017,1.9893000000000036,1.0838,1.2061,-2.5736,-2.435,-1.3675,-1.3512,0.7700000000000031,0.9055000000000017,1.9761000000000024,1.9893000000000036
GaSe_In3Ga64Se70_440aaaed-dec8-456a-aa0b-1e2caa544701,9573d30d-4a50-470c-9cd9-e8192bf935b9,-515.20490506,-2.51443351,0.7112607,0.8392999999999999,-1.7794,-2.6187,-18.0771,0.7399,-1.7788,-2.5187,-18.0773,15.76669493999998,1.576669493999998,-3.7606197449635035,1.0024000000000015,1.841700000000003,1.1026000000000025,1.8425000000000011,0.7399,0.8392999999999999,-2.6187,-2.5187,-1.7794,-1.7788,1.0024000000000015,1.1026000000000025,1.841700000000003,1.8425000000000011
GaSe_In2Ga67Se67S3_41a293be-beb8-4da3-9c3a-8dbb37d1f69d,6074a791-aae6-4177-89ea-236b03fedd7f,-526.27240118,-2.31700054,0.7786237,0.4885000000000001,-1.9213,-2.4098,-18.2491,0.3143000000000002,-1.92,-2.2343,-18.249,12.98819881999998,1.2988198819999979,-3.786132382589928,1.3832999999999984,1.8718000000000004,1.5586999999999982,1.873000000000001,0.3143000000000002,0.4885000000000001,-2.4098,-2.2343,-1.9213,-1.92,1.3832999999999984,1.5586999999999982,1.8718000000000004,1.873000000000001
GaSe_Ga69Se65S2_67c051f3-9446-465e-9b7b-84c237fa39f6,61e9f3ab-6951-4256-9eff-c259fb5598d9,-510.85194851,-2.50176875,6.5e-06,0.6669,-1.8384,-2.5053,-17.9218,0.6669,-1.8384,-2.5053,-17.9218,17.93365148999999,1.7933651489999989,-3.756264327279412,0.9605000000000015,1.6274000000000015,0.9605000000000015,1.6274000000000015,0.6669,0.6669,-2.5053,-2.5053,-1.8384,-1.8384,0.9605000000000015,0.9605000000000015,1.6274000000000015,1.6274000000000015
GaSe_In4Ga67Se67S2_078190c0-b0d7-409e-bab9-a77596956fa1,bad5195f-edda-4e2f-8dde-90d3c9d5d178,-529.99259442,-2.03188211,0.9407928,0.7330999999999999,-1.4329,-2.166,-18.0951,0.4777,-1.4201,-1.8978,-18.0951,10.571005579999905,1.0571005579999906,-3.7856613887142863,1.4730999999999987,2.206199999999999,1.741299999999999,2.2189999999999976,0.4777,0.7330999999999999,-2.166,-1.8978,-1.4329,-1.4201,1.4730999999999987,1.741299999999999,2.206199999999999,2.2189999999999976
GaSe_In1Ga68Se66S4_e58d07e6-dd0c-40e9-ba4f-3d861bc9aff4,cf60fb54-a893-4b78-9f3f-535f569086c3,-529.68970368,-2.56840834,0.3813468,1.2144,-1.4218,-2.6362,-18.153,1.176,-1.4214,-2.5974,-18.153,10.523896319999949,1.0523896319999948,-3.81071729266187,1.0607999999999986,2.275199999999998,1.0995999999999988,2.2756000000000007,1.176,1.2144,-2.6362,-2.5974,-1.4218,-1.4214,1.0607999999999986,1.0995999999999988,2.275199999999998,2.2756000000000007
GaSe_In5Ga66Se68S1_cbef32f2-0983-4ff2-90e7-0a1da1461ea6,ddc89578-a79a-491a-bd0e-0536832b9177,-528.32189343,-2.38769566,0.7620462,1.1370000000000002,-1.3551,-2.4921,-18.0879,0.9653,-1.354,-2.3193,-18.0879,11.288706569999931,1.1288706569999931,-3.773727810214286,1.139800000000001,2.2768000000000015,1.3126000000000015,2.2779000000000025,0.9653,1.1370000000000002,-2.4921,-2.3193,-1.3551,-1.354,1.139800000000001,1.3126000000000015,2.2768000000000015,2.2779000000000025
GaSe_In2Ga68Se66S1_632f02c5-7a2d-4556-b182-7e19d17ca5c5,9e0a5076-1ca5-4704-885e-20416cafeaf6,-513.18704631,-2.22584566,0.0001773,0.7066000000000001,-1.8736,-2.5802,-18.139,0.7066000000000001,-1.8736,-2.5802,-18.139,17.36055368999996,1.736055368999996,-3.745890848978102,1.1028000000000002,1.8094000000000001,1.1028000000000002,1.8094000000000001,0.7066000000000001,0.7066000000000001,-2.5802,-2.5802,-1.8736,-1.8736,1.1028000000000002,1.1028000000000002,1.8094000000000001,1.8094000000000001
GaSe_In2Ga68Se66S1_443c47bd-9f5e-4336-a1c5-a9282811f6e0,9e0a5076-1ca5-4704-885e-20416cafeaf6,-514.03762309,-2.07398198,0.0001155,0.8067999999999997,-1.6706,-2.4774,-18.24,0.8067999999999997,-1.6706,-2.4774,-18.24,16.509976909999978,1.6509976909999977,-3.7520994386131385,1.3065999999999995,2.1133999999999986,1.3065999999999995,2.1133999999999986,0.8067999999999997,0.8067999999999997,-2.4774,-2.4774,-1.6706,-1.6706,1.3065999999999995,1.3065999999999995,2.1133999999999986,2.1133999999999986
GaSe_In2Ga68Se66S1_046b1c6e-23b2-4541-a460-b446d4cee685,9e0a5076-1ca5-4704-885e-20416cafeaf6,-512.63664783,-2.32294451,0.0001805,0.2757,-1.7742,-2.0499,-18.0312,0.2757,-1.7742,-2.0499,-18.0312,17.910952169999973,1.7910952169999974,-3.741873341824818,1.5252999999999979,1.8009999999999984,1.5252999999999979,1.8009999999999984,0.2757,0.2757,-2.0499,-2.0499,-1.7742,-1.7742,1.5252999999999979,1.5252999999999979,1.8009999999999984,1.8009999999999984
GaSe_In3Ga67Se67S3_51cbb7a9-3a21-46f9-8b3b-a4f505ce0d3b,1a487314-1de5-48cd-9e15-c10a15443040,-532.05580395,-2.14350665,0.0001388,0.4693,-1.4068,-1.8761,-18.0054,0.4693,-1.4068,-1.8761,-18.0054,9.919796049999945,0.9919796049999945,-3.8003985996428575,1.6733000000000011,2.1426000000000016,1.6733000000000011,2.1426000000000016,0.4693,0.4693,-1.8761,-1.8761,-1.4068,-1.4068,1.6733000000000011,1.6733000000000011,2.1426000000000016,2.1426000000000016
GaSe_In2Ga66Se68S3_5d912d2c-b0d5-4961-b268-965bec6d563a,8def684b-710c-423b-8cfb-19a6972e550e,-530.09779256,-2.12391738,0.0001623,1.3224999999999998,-1.3205,-2.643,-18.2277,1.3224999999999998,-1.3205,-2.643,-18.2277,9.621807439999884,0.9621807439999884,-3.813653183884892,1.1286999999999985,2.4512,1.1286999999999985,2.4512,1.3224999999999998,1.3224999999999998,-2.643,-2.643,-1.3205,-1.3205,1.1286999999999985,1.1286999999999985,2.4512,2.4512
GaSe_In5Ga67Se67S3_5c938e01-cdfd-4a53-bb61-ab7061cd015f,197bd5b6-67b4-48eb-a073-71bd826c7a23,-541.78930604,-1.99591322,0.0002384,1.1525999999999998,-1.348,-2.5006,-17.4032,1.1525999999999998,-1.348,-2.5006,-17.4032,5.616293959999894,0.5616293959999894,-3.8154176481690145,0.44659999999999833,1.5991999999999997,0.44659999999999833,1.5991999999999997,1.1525999999999998,1.1525999999999998,-2.5006,-2.5006,-1.348,-1.348,0.44659999999999833,0.44659999999999833,1.5991999999999997,1.5991999999999997
GaSe_In2Ga70Se64S5_9f484132-ceb5-46bb-8552-1ad66a0baeeb,0c294dc7-803c-4a0d-b724-cb7fe9fafa7f,-538.33233742,-2.07993613,5.4e-06,0.8324000000000003,-1.6637,-2.4961,-17.4083,0.8324000000000003,-1.6637,-2.4961,-17.4083,7.805262579999862,0.7805262579999862,-3.8179598398581565,0.4562000000000008,1.2886000000000006,0.4562000000000008,1.2886000000000006,0.8324000000000003,0.8324000000000003,-2.4961,-2.4961,-1.6637,-1.6637,0.4562000000000008,0.4562000000000008,1.2886000000000006,1.2886000000000006
GaSe_In5Ga66Se68S2_89f89a1f-8ada-46e2-93bd-99edbc503114,a6a75256-d081-42b7-887b-2b3b5364e8fa,-535.00959034,-2.39056316,0.3897559,1.1273999999999995,-1.314,-2.4414,-17.9654,1.08,-1.2936,-2.3736,-17.965,8.728009659999884,0.8728009659999885,-3.794394257730497,1.0679999999999996,2.1953999999999994,1.1354000000000006,2.215399999999999,1.08,1.1273999999999995,-2.4414,-2.3736,-1.314,-1.2936,1.0679999999999996,1.1354000000000006,2.1953999999999994,2.215399999999999
GaSe_In3Ga67Se67S3_492f17f9-3514-4cd4-9380-fe97af5106ea,1a487314-1de5-48cd-9e15-c10a15443040,-532.01773842,-2.07561125,0.0003285,0.6468,-1.7522,-2.399,-18.0731,0.6468,-1.7522,-2.399,-18.0731,9.957861579999985,0.9957861579999985,-3.800126703,1.2180999999999997,1.8649000000000022,1.2180999999999997,1.8649000000000022,0.6468,0.6468,-2.399,-2.399,-1.7522,-1.7522,1.2180999999999997,1.2180999999999997,1.8649000000000022,1.8649000000000022
GaSe_In1Ga69Se65S4_c7c24005-f781-43af-8647-2145e5f07939,09b52803-46c8-4261-a682-387a87b0f1da,-528.19245419,-2.07128922,0.0004402,0.7618,-1.6904,-2.4522,-18.0906,0.7618,-1.6904,-2.4522,-18.0906,11.562145809999947,1.1562145809999946,-3.7999457135971224,1.1823999999999995,1.9441999999999986,1.1823999999999995,1.9441999999999986,0.7618,0.7618,-2.4522,-2.4522,-1.6904,-1.6904,1.1823999999999995,1.1823999999999995,1.9441999999999986,1.9441999999999986
GaSe_In2Ga69Se65S3_0627d757-2b24-4e84-a885-9bb5d259b57f,8052b2cf-1afd-4f9e-af34-e6bc6e0b3354,-524.95993494,-2.43354462,0.0010016,0.9292,-1.5127,-2.4419,-18.1083,0.9291000000000004,-1.5127,-2.4418,-18.1083,13.382665059999908,1.3382665059999908,-3.7766901794244605,1.2104,2.1396000000000015,1.2104999999999997,2.1396000000000015,0.9291000000000004,0.9292,-2.4419,-2.4418,-1.5127,-1.5127,1.2104,1.2104999999999997,2.1396000000000015,2.1396000000000015
GaSe_In2Ga67Se67S1_2974f9af-6b76-44a2-af5c-a10c4b8222ad,4bd37b51-d65e-49dd-af39-e3c7c0a49acc,-517.33213838,-2.33615107,0.8649004,0.9405,-1.5032,-2.4437,-17.9944,0.7277,-1.5017,-2.2294,-17.9944,13.674461619999988,1.367446161999999,-3.776146995474452,1.0946999999999996,2.0351999999999997,1.3089999999999993,2.0366999999999997,0.7277,0.9405,-2.4437,-2.2294,-1.5032,-1.5017,1.0946999999999996,1.3089999999999993,2.0351999999999997,2.0366999999999997
GaSe_In2Ga65Se69S2_21bbe5a5-c8c1-499e-b8be-bc4c3653ee73,91d5c4d3-c134-4a65-a3ea-71c50146bc72,-522.98329505,-2.60484477,0.3965071,1.1317000000000002,-1.5514,-2.6831,-18.1839,1.0617,-1.5513,-2.613,-18.1839,13.068304949999856,1.3068304949999856,-3.7897340221014497,1.0448000000000022,2.1765000000000008,1.1149000000000022,2.1766000000000005,1.0617,1.1317000000000002,-2.6831,-2.613,-1.5514,-1.5513,1.0448000000000022,1.1149000000000022,2.1765000000000008,2.1766000000000005
GaSe_In1Ga70Se64S3_9af192cf-831d-4b8f-9cf9-b0543db7e137,1e0699f4-0ec0-4db9-8de5-48b833e454c0,-520.48965222,-2.38134283,0.0001566,0.4661999999999999,-1.9153,-2.3815,-18.2339,0.4661000000000002,-1.9153,-2.3814,-18.2339,14.67894777999993,1.4678947779999931,-3.7716641465217395,1.3963999999999999,1.8626000000000005,1.3964999999999996,1.8626000000000005,0.4661000000000002,0.4661999999999999,-2.3815,-2.3814,-1.9153,-1.9153,1.3963999999999999,1.3964999999999996,1.8626000000000005,1.8626000000000005
GaSe_In4Ga66Se68S1_9e268a88-2457-4e4e-b2e8-08ffc0bf3c25,9dcc9c26-7cb1-4c58-9de6-93e0e85f72a8,-524.32551599,-2.098353,0.0002915,0.6242999999999999,-1.7862,-2.4105,-17.9644,0.6242999999999999,-1.7862,-2.4105,-17.9644,12.57008400999996,1.257008400999996,-3.7721260143165467,1.0979000000000028,1.7222000000000008,1.0979000000000028,1.7222000000000008,0.6242999999999999,0.6242999999999999,-2.4105,-2.4105,-1.7862,-1.7862,1.0979000000000028,1.0979000000000028,1.7222000000000008,1.7222000000000008
GaSe_In4Ga67Se67S3_bb21e77e-1004-4a64-b840-ce203cf4322e,54092071-6ee6-403d-b3e1-2093eec34de6,-536.00539085,-2.46693651,0.0529408,1.1383,-1.3667,-2.505,-18.0381,1.1375,-1.3665,-2.504,-18.0382,8.685209149999878,0.8685209149999877,-3.8014566726950356,1.0771000000000015,2.215399999999999,1.0782000000000007,2.215700000000002,1.1375,1.1383,-2.505,-2.504,-1.3667,-1.3665,1.0771000000000015,1.0782000000000007,2.215399999999999,2.215700000000002
GaSe_In2Ga69Se65S3_b065c761-ba83-4aae-9ebe-eb3e6cb45a52,8052b2cf-1afd-4f9e-af34-e6bc6e0b3354,-527.72762755,-2.01282786,0.8168298,0.5513000000000001,-1.5559,-2.1072,-17.7677,0.3642000000000001,-1.5543,-1.9185,-17.767,10.614972449999982,1.0614972449999982,-3.7966016370503595,1.2045000000000012,1.7558000000000007,1.3925,1.7566999999999986,0.3642000000000001,0.5513000000000001,-2.1072,-1.9185,-1.5559,-1.5543,1.2045000000000012,1.3925,1.7558000000000007,1.7566999999999986
GaSe_In2Ga67Se67S4_da38ab35-e387-4bb8-ba46-cf9f12dfd9b2,b7c3aba2-991f-4049-85a0-bbd8ac669f8f,-532.78595889,-2.45390421,0.8819683,0.8960000000000001,-1.6792,-2.5752,-18.2102,0.7286999999999999,-1.6787,-2.4074,-18.2103,10.601641109999946,1.0601641109999946,-3.8056139920714283,1.1790000000000003,2.0749999999999993,1.3469000000000015,2.0756000000000014,0.7286999999999999,0.8960000000000001,-2.5752,-2.4074,-1.6792,-1.6787,1.1790000000000003,1.3469000000000015,2.0749999999999993,2.0756000000000014
GaSe_In4Ga67Se67S2_8a6d904e-fd04-42de-ae72-c423dbb9befe,bad5195f-edda-4e2f-8dde-90d3c9d5d178,-530.11062266,-2.00611908,0.9233632,0.7015000000000002,-1.4303,-2.1318,-18.0821,0.4625000000000001,-1.4179,-1.8804,-18.0821,10.452977339999961,1.045297733999996,-3.7865044475714287,1.4943000000000008,2.195800000000002,1.7456999999999994,2.2082000000000015,0.4625000000000001,0.7015000000000002,-2.1318,-1.8804,-1.4303,-1.4179,1.4943000000000008,1.7456999999999994,2.195800000000002,2.2082000000000015
GaSe_In3Ga67Se67S4_3e93a9ff-eabc-40b9-8d65-778e82077d84,9ca8b9e4-d109-4724-a2b5-2bf4bc9b1b41,-540.61297929,-2.16936687,0.0002569,1.2384,-1.4141,-2.6525,-17.8424,1.2384,-1.4141,-2.6525,-17.8424,5.48962070999994,0.5489620709999941,-3.834134604893617,0.733900000000002,1.9723000000000006,0.733900000000002,1.9723000000000006,1.2384,1.2384,-2.6525,-2.6525,-1.4141,-1.4141,0.733900000000002,0.733900000000002,1.9723000000000006,1.9723000000000006
GaSe_In1Ga68Se66S5_e1c662ca-64b7-499e-b924-212dbf42e1a2,8731f460-3f63-49a4-9fa2-a6a98b18b313,-535.11742599,-2.55683684,0.3854912,1.1739999999999997,-1.4286,-2.6026,-18.1306,1.1605,-1.4275,-2.588,-18.1307,9.22317400999998,0.9223174009999979,-3.8222673285,1.0720000000000027,2.246000000000002,1.0867000000000004,2.247200000000003,1.1605,1.1739999999999997,-2.6026,-2.588,-1.4286,-1.4275,1.0720000000000027,1.0867000000000004,2.246000000000002,2.247200000000003
GaSe_In4Ga67Se67S2_c5c9e3e8-6cd9-43ef-b25b-756d98bb3760,bad5195f-edda-4e2f-8dde-90d3c9d5d178,-530.65062662,-1.75934095,0.7387878,0.397,-1.4428,-1.8398,-17.7522,0.2587000000000001,-1.4202,-1.6789,-17.7522,9.912973379999926,0.9912973379999925,-3.790361618714286,1.4563999999999986,1.853399999999997,1.6173000000000002,1.8759999999999977,0.2587000000000001,0.397,-1.8398,-1.6789,-1.4428,-1.4202,1.4563999999999986,1.6173000000000002,1.853399999999997,1.8759999999999977
GaSe_In1Ga67Se67S2_502a8af3-5e96-4052-b8ed-8bbe1d475124,6b8dac65-b788-40fd-8eb4-9d4b4f1810f1,-517.38318339,-2.13843666,0.0002053,0.8404,-1.7183,-2.5587,-18.2293,0.8404,-1.7183,-2.5587,-18.2293,15.03541660999997,1.503541660999997,-3.776519586788321,1.214599999999999,2.0549999999999997,1.214599999999999,2.0549999999999997,0.8404,0.8404,-2.5587,-2.5587,-1.7183,-1.7183,1.214599999999999,1.214599999999999,2.0549999999999997,2.0549999999999997
GaSe_In2Ga70Se64S5_8642c460-ff61-494c-923d-a7d9d8853495,0c294dc7-803c-4a0d-b724-cb7fe9fafa7f,-538.41919469,-2.10353426,0.0003656,0.8419999999999999,-1.6826,-2.5246,-17.6487,0.8419999999999999,-1.6826,-2.5246,-17.6487,7.718405309999866,0.7718405309999866,-3.8185758488652484,0.6681000000000026,1.5101000000000013,0.6681000000000026,1.5101000000000013,0.8419999999999999,0.8419999999999999,-2.5246,-2.5246,-1.6826,-1.6826,0.6681000000000026,0.6681000000000026,1.5101000000000013,1.5101000000000013
GaSe_In2Ga69Se65S3_df94c6d4-f01a-40a2-8d5e-01e6b894555e,8052b2cf-1afd-4f9e-af34-e6bc6e0b3354,-526.25498107,-2.44704695,0.0536115,0.7347999999999999,-1.7363,-2.4711,-17.8181,0.7285999999999999,-1.7343,-2.4629,-17.818,12.087618929999962,1.2087618929999961,-3.786007058057554,0.8910000000000018,1.6258000000000017,0.8991000000000025,1.6277000000000008,0.7285999999999999,0.7347999999999999,-2.4711,-2.4629,-1.7363,-1.7343,0.8910000000000018,0.8991000000000025,1.6258000000000017,1.6277000000000008
GaSe_In2Ga67Se67S2_d46c59ef-a3ab-4f07-a884-499d328d7071,3ae0d452-a3d8-43bc-83eb-15b6d550aa08,-521.70809375,-2.48056844,1.73e-05,1.0640000000000005,-1.4363,-2.5003,-18.1415,1.0640000000000005,-1.4363,-2.5003,-18.1415,13.425506249999899,1.34255062499999,-3.7804934329710145,1.1852000000000018,2.249200000000002,1.1852000000000018,2.249200000000002,1.0640000000000005,1.0640000000000005,-2.5003,-2.5003,-1.4363,-1.4363,1.1852000000000018,1.1852000000000018,2.249200000000002,2.249200000000002
GaSe_In1Ga68Se66S4_5615cb8d-a71c-4680-ac9c-498596321d65,cf60fb54-a893-4b78-9f3f-535f569086c3,-527.37384912,-2.57330771,0.6527603,0.9430000000000004,-1.7288,-2.6718,-18.1794,0.841,-1.7282,-2.5692,-18.1793,12.839750879999883,1.2839750879999883,-3.794056468489209,1.0516000000000005,1.994600000000002,1.1541000000000015,1.9951000000000008,0.841,0.9430000000000004,-2.6718,-2.5692,-1.7288,-1.7282,1.0516000000000005,1.1541000000000015,1.994600000000002,1.9951000000000008
GaSe_In2Ga70Se64S3_fab32c4f-3db1-451c-91ff-909d584ff5a1,7e71efcd-a6b7-4230-a5e9-3c2d57e89821,-525.66150033,-2.16962327,0.0004028,0.5065,-1.4056,-1.9121,-17.6022,0.5065,-1.4056,-1.9121,-17.6022,12.222099670000034,1.2222099670000035,-3.781737412446043,1.2340999999999998,1.7406000000000006,1.2340999999999998,1.7406000000000006,0.5065,0.5065,-1.9121,-1.9121,-1.4056,-1.4056,1.2340999999999998,1.2340999999999998,1.7406000000000006,1.7406000000000006
GaSe_In3Ga65Se69S1_0da9a574-0a08-46a5-a147-aef7eafbe3ca,0cc20be8-d90d-47f5-a817-16f98872c93e,-519.16170372,-2.59746472,1.7262068,0.8121,-1.883,-2.6951,-18.1911,0.6189000000000002,-1.8812,-2.5001,-18.191,15.477896279999982,1.547789627999998,-3.762041331304348,1.0399999999999991,1.8521,1.2348999999999997,1.8537999999999997,0.6189000000000002,0.8121,-2.6951,-2.5001,-1.883,-1.8812,1.0399999999999991,1.2348999999999997,1.8521,1.8537999999999997
GaSe_In2Ga68Se66S2_1cacb613-ed31-441b-aa8f-4bdcab3c32fc,1c07a25b-d513-4a52-a43e-6f6c0c144f69,-521.45338095,-2.19824635,0.000376,0.7119,-1.8424,-2.5543,-18.1722,0.7119,-1.8424,-2.5543,-18.1722,13.221219049999945,1.3221219049999946,-3.778647688043478,1.161900000000001,1.8737999999999992,1.161900000000001,1.8737999999999992,0.7119,0.7119,-2.5543,-2.5543,-1.8424,-1.8424,1.161900000000001,1.161900000000001,1.8737999999999992,1.8737999999999992
GaSe_In2Ga68Se66S3_42c9b44a-5be7-432d-8c37-f1814140c0f0,39c30121-6ea2-4b60-83e8-5f7da78dfadc,-527.3538104,-1.99223219,0.000291,0.935,-1.5166,-2.4516,-17.9388,0.935,-1.5166,-2.4516,-17.9388,11.447789599999851,1.1447789599999851,-3.7939123050359713,1.031200000000002,1.9662000000000006,1.031200000000002,1.9662000000000006,0.935,0.935,-2.4516,-2.4516,-1.5166,-1.5166,1.031200000000002,1.031200000000002,1.9662000000000006,1.9662000000000006
GaSe_In3Ga67Se67S3_5b36eb82-f80f-48e3-9e0d-4807a69e598e,1a487314-1de5-48cd-9e15-c10a15443040,-531.11228956,-2.05174697,0.0002471,0.6864999999999999,-1.7087,-2.3952,-18.1136,0.6864999999999999,-1.7087,-2.3952,-18.1136,10.863310439999964,1.0863310439999965,-3.7936592111428573,1.262400000000003,1.9489000000000019,1.262400000000003,1.9489000000000019,0.6864999999999999,0.6864999999999999,-2.3952,-2.3952,-1.7087,-1.7087,1.262400000000003,1.262400000000003,1.9489000000000019,1.9489000000000019
GaSe_In3Ga69Se65S2_6a6063ab-e133-4e31-a1c4-52cd83376ef0,ce4ab5e1-5545-47bb-91eb-85c540f0f20b,-523.71487168,-2.06743649,0.000526,0.7638999999999998,-1.6855,-2.4494,-17.5919,0.7638999999999998,-1.6855,-2.4494,-17.5919,13.215728319999926,1.3215728319999926,-3.7677328897841726,0.6864999999999988,1.4504000000000001,0.6864999999999988,1.4504000000000001,0.7638999999999998,0.7638999999999998,-2.4494,-2.4494,-1.6855,-1.6855,0.6864999999999988,0.6864999999999988,1.4504000000000001,1.4504000000000001
GaSe_In2Ga67Se67S2_a275dd4c-4853-4a85-a2e6-41e48ff17c20,3ae0d452-a3d8-43bc-83eb-15b6d550aa08,-520.55436068,-2.58754382,0.7889375,1.1648,-1.5292,-2.694,-18.1028,1.0572,-1.5287,-2.5859,-18.1029,14.579239319999942,1.4579239319999941,-3.772133048405797,0.9527999999999999,2.1175999999999995,1.0610000000000017,2.1182000000000016,1.0572,1.1648,-2.694,-2.5859,-1.5292,-1.5287,0.9527999999999999,1.0610000000000017,2.1175999999999995,2.1182000000000016
GaSe_In3Ga68Se66S3_13d427c5-326d-4b85-b083-37966342c905,ea581c9c-a639-494b-8b82-e02f108c33f0,-530.88352802,-2.42059739,0.3540733,1.0928999999999998,-1.3641,-2.457,-18.0261,1.0499,-1.343,-2.3929,-18.0258,10.633071979999954,1.0633071979999955,-3.792025200142857,1.1130999999999993,2.2059999999999995,1.1768999999999998,2.226800000000001,1.0499,1.0928999999999998,-2.457,-2.3929,-1.3641,-1.343,1.1130999999999993,1.1768999999999998,2.2059999999999995,2.226800000000001
GaSe_In3Ga69Se65S3_55465be7-727b-4cd8-85fa-bc88ed62555d,edeb74a4-5891-45ea-af84-cfd953115da1,-530.52181563,-2.04818184,0.0002,0.7922000000000002,-1.6521,-2.4443,-17.6792,0.7922000000000002,-1.6521,-2.4443,-17.6792,10.535784369999988,1.0535784369999988,-3.789441540214286,0.7789000000000019,1.5711000000000013,0.7789000000000019,1.5711000000000013,0.7922000000000002,0.7922000000000002,-2.4443,-2.4443,-1.6521,-1.6521,0.7789000000000019,0.7789000000000019,1.5711000000000013,1.5711000000000013
GaSe_In3Ga67Se67S3_2ea24896-e31e-4d89-a2b4-3103ad6be5e1,1a487314-1de5-48cd-9e15-c10a15443040,-532.46593848,-2.5159441,0.5208859,1.1823,-1.3444,-2.5267,-17.6818,1.1508000000000005,-1.3432,-2.494,-17.6818,9.509661520000009,0.9509661520000009,-3.803328132,0.6990999999999996,1.8813999999999993,0.7317999999999998,1.8826,1.1508000000000005,1.1823,-2.5267,-2.494,-1.3444,-1.3432,0.6990999999999996,0.7317999999999998,1.8813999999999993,1.8826
GaSe_In5Ga65Se69S2_57f41c6c-1f4e-417f-be39-2473861f893d,6dde2ea5-c803-40b4-8ac6-94db4669fa3a,-536.08166563,-2.52589117,1.6223003,1.2654,-1.35,-2.6154,-18.0369,1.1726,-1.2706,-2.4432,-18.0371,8.114934370000014,0.8114934370000014,-3.80199762858156,0.9654999999999987,2.2308999999999983,1.1378999999999984,2.310500000000001,1.1726,1.2654,-2.6154,-2.4432,-1.35,-1.2706,0.9654999999999987,1.1378999999999984,2.2308999999999983,2.310500000000001
GaSe_In1Ga70Se64S5_691d1a6d-c83b-412b-b1c0-f8f13ce14678,f85ee336-4816-4711-8521-538eda9b3998,-533.66649405,-2.46898944,0.0021024,1.082,-1.4091,-2.4911,-18.1708,1.0818,-1.4091,-2.4909,-18.1708,9.756105950000006,0.9756105950000006,-3.811903528928571,1.223700000000001,2.3057000000000016,1.2239000000000004,2.3057000000000016,1.0818,1.082,-2.4911,-2.4909,-1.4091,-1.4091,1.223700000000001,1.2239000000000004,2.3057000000000016,2.3057000000000016
GaSe_In2Ga69Se65S5_2637ea1e-39ad-4e07-9900-0ef8b3d62fc2,6dd31f96-e326-4e49-99e1-3db3112894a4,-539.58692455,-2.2588344,0.9786539,1.1506999999999998,-1.2737,-2.4244,-17.5027,0.8251999999999999,-1.2711,-2.0963,-17.5026,7.009675449999918,0.7009675449999918,-3.8268576209219862,0.622300000000001,1.7729999999999997,0.9503000000000021,1.775500000000001,0.8251999999999999,1.1506999999999998,-2.4244,-2.0963,-1.2737,-1.2711,0.622300000000001,0.9503000000000021,1.7729999999999997,1.775500000000001
GaSe_In3Ga68Se66S1_191a8515-f5ec-49b0-a791-49b1bdc63dd3,a47928ab-18af-4769-bfa0-f8341a47eea9,-518.36616216,-2.28476098,0.2360033,0.6838,-1.6217,-2.3055,-17.6986,0.6567000000000001,-1.6078,-2.2645,-17.6983,14.896437839999862,1.4896437839999863,-3.7562765373913045,0.9370999999999992,1.620899999999999,0.9778000000000002,1.6344999999999992,0.6567000000000001,0.6838,-2.3055,-2.2645,-1.6217,-1.6078,0.9370999999999992,0.9778000000000002,1.620899999999999,1.6344999999999992
GaSe_In1Ga70Se64S3_f33f620f-53bc-4d68-972b-fe338723cbcc,1e0699f4-0ec0-4db9-8de5-48b833e454c0,-520.23909186,-2.21066407,0.6536777,0.4385000000000001,-1.8391,-2.2776,-18.2015,0.3053000000000001,-1.8385,-2.1438,-18.2015,14.929508139999939,1.4929508139999939,-3.769848491739131,1.4679000000000002,1.9064000000000014,1.601700000000001,1.907,0.3053000000000001,0.4385000000000001,-2.2776,-2.1438,-1.8391,-1.8385,1.4679000000000002,1.601700000000001,1.9064000000000014,1.907
GaSe_In2Ga69Se65S4_0326be89-5369-4ab8-b65e-5939f1f31b7d,ca642389-b965-49f0-8fb0-ed4dd64d724d,-532.06023814,-2.42586568,0.0003218,0.5979999999999999,-1.8422,-2.4402,-18.0655,0.5979999999999999,-1.8422,-2.4402,-18.0655,10.409361859999876,1.0409361859999877,-3.8004302724285717,1.1692999999999998,1.7673000000000023,1.1692999999999998,1.7673000000000023,0.5979999999999999,0.5979999999999999,-2.4402,-2.4402,-1.8422,-1.8422,1.1692999999999998,1.1692999999999998,1.7673000000000023,1.7673000000000023
GaSe_In3Ga67Se67S2_c8aedc96-a951-4a3f-a1b9-05caa9fb475a,a679ad42-976f-4939-bc3f-91eebd28c8d5,-526.92291654,-2.11149703,0.0002405,0.5884,-1.8173,-2.4057,-17.9143,0.5884,-1.8173,-2.4057,-17.9143,10.92568345999996,1.092568345999996,-3.790812349208633,1.0526000000000018,1.6410000000000018,1.0526000000000018,1.6410000000000018,0.5884,0.5884,-2.4057,-2.4057,-1.8173,-1.8173,1.0526000000000018,1.0526000000000018,1.6410000000000018,1.6410000000000018
GaSe_In3Ga67Se67_92187daa-8172-4dc5-99a8-1081a8802215,5fdf0386-d8de-406a-818e-38e75c1729e7,-514.16863505,-2.07599965,0.0001725,1.0123,-1.5374,-2.5497,-17.7633,1.0123,-1.5374,-2.5497,-17.7633,15.425964949999866,1.5425964949999866,-3.753055730291971,0.7576000000000018,1.7698999999999998,0.7576000000000018,1.7698999999999998,1.0123,1.0123,-2.5497,-2.5497,-1.5374,-1.5374,0.7576000000000018,0.7576000000000018,1.7698999999999998,1.7698999999999998
GaSe_In1Ga71Se63S4_4230714f-d7ea-4403-84fb-1f15a26a9c0b,fafb0543-8579-4e3b-b8e1-d6fa3d7160bd,-526.0855592,-2.09651935,0.000202,0.8739999999999999,-1.6594,-2.5334,-17.444,0.8739999999999999,-1.6594,-2.5334,-17.444,12.751040799999942,1.2751040799999942,-3.7847881956834537,0.4545999999999992,1.3285999999999998,0.4545999999999992,1.3285999999999998,0.8739999999999999,0.8739999999999999,-2.5334,-2.5334,-1.6594,-1.6594,0.4545999999999992,0.4545999999999992,1.3285999999999998,1.3285999999999998
GaSe_In3Ga65Se69S1_784f7848-ea31-455b-b20a-6e5aa400526f,0cc20be8-d90d-47f5-a817-16f98872c93e,-522.40080257,-2.62579417,0.2389748,1.0199999999999998,-1.6104,-2.6304,-17.6624,0.9877,-1.6093,-2.597,-17.6622,12.238797429999977,1.2238797429999977,-3.785513062101449,0.5760000000000023,1.5960000000000036,0.6091999999999995,1.596899999999998,0.9877,1.0199999999999998,-2.6304,-2.597,-1.6104,-1.6093,0.5760000000000023,0.6091999999999995,1.5960000000000036,1.596899999999998
GaSe_In1Ga67Se67S3_59bbef96-894a-4add-9fa4-c33425d4cb36,34def913-7c0b-4e1e-8b79-20bbe84d989a,-527.0385246,-1.95321613,0.0003281,0.9336999999999998,-1.4871,-2.4208,-17.9398,0.9336999999999998,-1.4871,-2.4208,-17.9398,9.507075399999962,0.9507075399999962,-3.8191197434782604,1.0630000000000024,1.9967000000000006,1.0630000000000024,1.9967000000000006,0.9336999999999998,0.9336999999999998,-2.4208,-2.4208,-1.4871,-1.4871,1.0630000000000024,1.0630000000000024,1.9967000000000006,1.9967000000000006
GaSe_In1Ga67Se67S3_ef083a2a-5eed-4c5f-8df2-970dac87a64e,34def913-7c0b-4e1e-8b79-20bbe84d989a,-523.34202262,-2.15084234,5.62e-05,0.2786999999999999,-1.599,-1.8777,-18.0264,0.2786999999999999,-1.599,-1.8777,-18.0264,13.203577379999956,1.3203577379999956,-3.7923334972463767,1.6926999999999985,1.9713999999999992,1.6926999999999985,1.9713999999999992,0.2786999999999999,0.2786999999999999,-1.8777,-1.8777,-1.599,-1.599,1.6926999999999985,1.6926999999999985,1.9713999999999992,1.9713999999999992
GaSe_In3Ga66Se68S2_59b9e204-4da1-4357-8080-363667fd5248,ed8c7729-c099-4875-b31d-6ca804836a3b,-526.59506028,-2.52402439,0.8598392,1.1058,-1.5309,-2.6367,-18.0704,1.0072,-1.5302,-2.5374,-18.0705,11.712539719999995,1.1712539719999995,-3.7884536710791368,0.9777000000000005,2.083500000000001,1.0770999999999997,2.084299999999999,1.0072,1.1058,-2.6367,-2.5374,-1.5309,-1.5302,0.9777000000000005,1.0770999999999997,2.083500000000001,2.084299999999999
GaSe_In2Ga68Se66S2_60daecc1-0eec-45dd-8b0b-60c0544ed484,1c07a25b-d513-4a52-a43e-6f6c0c144f69,-519.51412083,-2.0866742,0.0002627,0.6736000000000002,-1.7499,-2.4235,-17.9789,0.6736000000000002,-1.7499,-2.4235,-17.9789,15.160479169999917,1.5160479169999916,-3.764595078478261,1.0993999999999993,1.7729999999999997,1.0993999999999993,1.7729999999999997,0.6736000000000002,0.6736000000000002,-2.4235,-2.4235,-1.7499,-1.7499,1.0993999999999993,1.0993999999999993,1.7729999999999997,1.7729999999999997
GaSe_Ga68Se62S5_5f809cec-1768-43b7-a12f-c59f96d5f88a,a9853347-6ad2-4ddf-8d54-182a0a4711d7,-508.14659796,-2.16772526,0.0002611,0.7784,-1.7784,-2.5568,-18.3517,0.7784,-1.7784,-2.5568,-18.3517,19.523002039999938,1.3945001457142812,-3.764048873777778,1.3389000000000024,2.1173,1.3389000000000024,2.1173,0.7784,0.7784,-2.5568,-2.5568,-1.7784,-1.7784,1.3389000000000024,1.3389000000000024,2.1173,2.1173
GaSe_In4Ga65Se65S5_49d1d452-562a-4d27-9842-8f0b743f0cac,57e86772-0f4d-4785-9cf2-9281d821b2d9,-527.18594777,-2.51013809,0.7285743,0.9521,-1.6565,-2.6086,-18.2397,0.8734000000000002,-1.6561,-2.5295,-18.2398,12.720652229999928,0.9086180164285663,-3.7927046602158274,1.1751000000000005,2.1271999999999984,1.2542999999999989,2.127700000000001,0.8734000000000002,0.9521,-2.6086,-2.5295,-1.6565,-1.6561,1.1751000000000005,1.2542999999999989,2.1271999999999984,2.127700000000001
GaSe_In3Ga66Se64S5_c2287810-8310-4439-b3fe-5f5b25b2b94d,a1f35aaf-9e68-412e-aea9-d7a153661c0b,-523.55628642,-2.49903413,0.2458689,0.8182,-1.7226,-2.5408,-17.9283,0.7971000000000001,-1.7223,-2.5194,-17.9283,13.176313579999942,0.9411652557142816,-3.793886133478261,0.9314999999999998,1.7497000000000007,0.9528999999999996,1.75,0.7971000000000001,0.8182,-2.5408,-2.5194,-1.7226,-1.7223,0.9314999999999998,0.9528999999999996,1.7497000000000007,1.75
GaSe_In3Ga67Se63S4_75968ea1-8c79-49e9-bcd3-0d4fef9e89a5,db2cd71c-aba5-4d02-8d90-660edcb84d23,-515.36552929,-2.04134714,0.0001384,0.5838999999999999,-1.7494,-2.3333,-18.0884,0.5838999999999999,-1.7494,-2.3333,-18.0884,16.78107070999988,1.1986479078571344,-3.7617921845985403,1.299100000000001,1.8829999999999991,1.299100000000001,1.8829999999999991,0.5838999999999999,0.5838999999999999,-2.3333,-2.3333,-1.7494,-1.7494,1.299100000000001,1.299100000000001,1.8829999999999991,1.8829999999999991
GaSe_In5Ga63Se67S4_d062045e-3f16-4a09-b588-1a9f37e5c5ff,aa8a9c60-c2f5-44d1-a3f4-010af8a66ef9,-526.52162145,-2.57267493,1.5467163,1.0706,-1.5696,-2.6402,-18.0784,0.9052000000000002,-1.5688,-2.474,-18.0784,12.89097855,0.9207841821428572,-3.787925334172662,0.9821999999999989,2.0527999999999977,1.1483999999999988,2.0535999999999994,0.9052000000000002,1.0706,-2.6402,-2.474,-1.5696,-1.5688,0.9821999999999989,1.1483999999999988,2.0527999999999977,2.0535999999999994
GaSe_In1Ga67Se63S5_0651e0eb-ef22-42d6-ad73-aaacac3c2086,3c6f6119-a73e-4886-8c1b-f7f4b032d504,-514.64466418,-2.04615624,0.0002706,0.5699000000000001,-1.7612,-2.3311,-18.2603,0.5699000000000001,-1.7612,-2.3311,-18.2603,16.198935819999974,1.1570668442857124,-3.7841519424999994,1.473200000000002,2.0431000000000026,1.473200000000002,2.0431000000000026,0.5699000000000001,0.5699000000000001,-2.3311,-2.3311,-1.7612,-1.7612,1.473200000000002,1.473200000000002,2.0431000000000026,2.0431000000000026
GaSe_In1Ga68Se62S5_69017e8e-e5c4-4c6c-b630-a1f8334b4e99,90e04ea0-6536-4149-b1bd-6cd5cd3a3ee0,-513.81254176,-2.20373614,0.9834893,0.6860999999999999,-1.6866,-2.3727,-18.3108,0.3509,-1.6838,-2.0347,-18.3102,16.572058239999933,1.1837184457142809,-3.778033395294118,1.4821000000000009,2.1682000000000023,1.819499999999998,2.170399999999997,0.3509,0.6860999999999999,-2.3727,-2.0347,-1.6866,-1.6838,1.4821000000000009,1.819499999999998,2.1682000000000023,2.170399999999997
GaSe_In3Ga66Se64S3_24d58c42-4161-43c7-bf8a-d76327259750,e8cb8f25-1a5d-4b17-b8ef-9ee6d214b1ac,-510.97251546,-2.36487553,0.3581565,0.5306,-1.8928,-2.4234,-17.923,0.4793,-1.8907,-2.37,-17.923,17.50608453999996,1.2504346099999972,-3.7571508489705883,1.0435999999999979,1.5741999999999976,1.0969999999999978,1.5762999999999998,0.4793,0.5306,-2.4234,-2.37,-1.8928,-1.8907,1.0435999999999979,1.0969999999999978,1.5741999999999976,1.5762999999999998
GaSe_In2Ga68Se62S5_8ddda8db-57f4-48d5-8bc3-a967b488b61e,8aa944c1-3919-47d4-98c3-18012c0aafff,-515.67365801,-2.22521407,0.0003994,0.6881999999999999,-1.8814,-2.5696,-18.2413,0.6881999999999999,-1.8814,-2.5696,-18.2413,17.425941989999842,1.244710142142846,-3.764041299343066,1.2157,1.9039000000000001,1.2157,1.9039000000000001,0.6881999999999999,0.6881999999999999,-2.5696,-2.5696,-1.8814,-1.8814,1.2157,1.2157,1.9039000000000001,1.9039000000000001
GaSe_In3Ga64Se66S4_e9acb2d2-1466-49be-af4a-50eab440b38b,31e3507a-a4e8-4a89-8b2d-199465413567,-517.78814257,-2.44397948,0.3760528,0.6675,-1.8255,-2.493,-18.1404,0.603,-1.8254,-2.4284,-18.1403,15.735457429999997,1.1239612449999998,-3.7794754932116787,1.1913999999999998,1.858900000000002,1.2559000000000005,1.858900000000002,0.603,0.6675,-2.493,-2.4284,-1.8255,-1.8254,1.1913999999999998,1.2559000000000005,1.858900000000002,1.858900000000002
GaSe_In3Ga64Se66S3_08abc01a-8240-4c71-8984-de5b20bb6591,973b7d68-1b26-4ff7-8bc3-56d77d282fd4,-514.64914302,-2.56955224,2.7190248,1.2604999999999995,-1.4166,-2.6771,-17.8656,1.0660999999999998,-1.4132,-2.4793,-17.8655,14.747456979999924,1.053389784285709,-3.7841848751470586,0.7325000000000017,1.993000000000002,0.930200000000001,1.9963000000000015,1.0660999999999998,1.2604999999999995,-2.6771,-2.4793,-1.4166,-1.4132,0.7325000000000017,0.930200000000001,1.993000000000002,1.9963000000000015
GaSe_In3Ga65Se65S5_2ba8b913-a0e2-4e3c-8401-87b274d97d52,a6c60127-08f9-4778-b5cd-8377b0782504,-524.04880853,-2.62399174,1.5304978,1.1264999999999998,-1.5746,-2.7011,-18.1754,1.0376000000000003,-1.5715,-2.6091,-18.1756,13.14279147000002,0.9387708192857157,-3.797455134275362,1.0183,2.1448,1.1105,2.1480999999999995,1.0376000000000003,1.1264999999999998,-2.7011,-2.6091,-1.5746,-1.5715,1.0183,1.1105,2.1448,2.1480999999999995
GaSe_In5Ga64Se66S3_66de82e8-e939-444e-bf9e-fd52e2830e4e,b29980a3-6edb-445f-8a9b-64424c1d4bc7,-519.99673333,-2.45720856,0.3653949,0.8504,-1.6662,-2.5166,-18.1899,0.8107,-1.6659,-2.4766,-18.1899,14.829866670000001,1.0592761907142858,-3.768092270507246,1.2173000000000016,2.067700000000002,1.2573000000000025,2.0680000000000014,0.8107,0.8504,-2.5166,-2.4766,-1.6662,-1.6659,1.2173000000000016,1.2573000000000025,2.067700000000002,2.0680000000000014
GaSe_In3Ga64Se66S3_1afa8894-2ea1-4932-985f-3292ea2ff46e,973b7d68-1b26-4ff7-8bc3-56d77d282fd4,-511.44972015,-2.28260004,0.9772477,0.7449000000000001,-1.6994,-2.4443,-18.3039,0.4429999999999998,-1.6981,-2.1411,-18.304,17.94687984999996,1.2819199892857114,-3.7606597069852943,1.403599999999999,2.1484999999999985,1.706900000000001,2.149899999999999,0.4429999999999998,0.7449000000000001,-2.4443,-2.1411,-1.6994,-1.6981,1.403599999999999,1.706900000000001,2.1484999999999985,2.149899999999999
GaSe_In1Ga66Se64S3_3c32016f-95d3-4695-9adf-b78f37af4e90,1decdbf1-1e24-4d5b-a93f-9f58ea1c7472,-501.31151784,-2.53486762,0.0361382,0.6882000000000001,-1.8693,-2.5575,-18.1968,0.6827000000000001,-1.8691,-2.5518,-18.1968,21.737082159999886,1.5526487257142776,-3.741130730149254,1.1832999999999991,1.871500000000001,1.189,1.8717000000000006,0.6827000000000001,0.6882000000000001,-2.5575,-2.5518,-1.8693,-1.8691,1.1832999999999991,1.189,1.871500000000001,1.8717000000000006
GaSe_In4Ga64Se66S2_e215e250-99bc-4d03-ab98-a69124c26026,5c939222-7197-4319-aa28-8c17572486c2,-510.32756316,-2.32996654,0.0002377,0.4726999999999999,-1.7047,-2.1774,-18.0683,0.4726999999999999,-1.7047,-2.1774,-18.0683,17.657036839999932,1.2612169171428522,-3.7524085526470587,1.4349000000000007,1.9076000000000022,1.4349000000000007,1.9076000000000022,0.4726999999999999,0.4726999999999999,-2.1774,-2.1774,-1.7047,-1.7047,1.4349000000000007,1.4349000000000007,1.9076000000000022,1.9076000000000022
GaSe_In3Ga66Se64S4_14640869-22b7-4582-bddf-19550fcd73d1,812588ab-2568-44ee-ad27-dfc4b7ae9294,-515.23842571,-2.51378339,0.2335534,0.7121,-1.8502,-2.5623,-18.1449,0.7022999999999997,-1.8498,-2.5521,-18.1449,17.36717428999998,1.240512449285713,-3.7608644212408757,1.1265999999999998,1.8386999999999993,1.136800000000001,1.8390999999999984,0.7022999999999997,0.7121,-2.5623,-2.5521,-1.8502,-1.8498,1.1265999999999998,1.136800000000001,1.8386999999999993,1.8390999999999984
GaSe_In4Ga66Se64S3_7a5500e6-46be-41c7-b4a4-247987f44b21,4c045784-5fba-45c5-ada5-8e373438f5bf,-514.20006756,-2.03338733,0.000268,0.7579,-1.6544,-2.4123,-18.2079,0.7579,-1.6544,-2.4123,-18.2079,16.993532439999967,1.2138237457142833,-3.753285164671533,1.339599999999999,2.0975,1.339599999999999,2.0975,0.7579,0.7579,-2.4123,-2.4123,-1.6544,-1.6544,1.339599999999999,1.339599999999999,2.0975,2.0975
GaSe_In2Ga66Se64S4_538e652b-7011-48d1-aa6f-b0e2d67d0b34,eccfc6f0-d1fe-4d65-bdee-30eff0517ee0,-513.22957327,-2.24173959,0.0004365,0.3917999999999999,-1.6481,-2.0399,-18.0348,0.3917999999999999,-1.6481,-2.0399,-18.0348,16.661026730000003,1.190073337857143,-3.7737468622794115,1.5389000000000017,1.9307000000000016,1.5389000000000017,1.9307000000000016,0.3917999999999999,0.3917999999999999,-2.0399,-2.0399,-1.6481,-1.6481,1.5389000000000017,1.5389000000000017,1.9307000000000016,1.9307000000000016
GaSe_In3Ga66Se64S5_df480038-f8d1-4437-97f9-43a315e01b5c,a1f35aaf-9e68-412e-aea9-d7a153661c0b,-522.06547947,-2.47225806,0.5855635,0.7623,-1.7772,-2.5395,-18.2876,0.6879000000000002,-1.7768,-2.4647,-18.2877,14.66712052999992,1.0476514664285657,-3.7830831845652173,1.2921000000000014,2.054400000000001,1.3670000000000009,2.0549,0.6879000000000002,0.7623,-2.5395,-2.4647,-1.7772,-1.7768,1.2921000000000014,1.3670000000000009,2.054400000000001,2.0549
GaSe_In3Ga65Se65S3_f78ab59c-a2d3-4734-9801-537254aba199,dd453aed-2327-4416-8b17-58e3a865c05f,-510.04412536,-2.30315389,0.0,0.3386,-1.6928,-2.0314,-18.2597,0.3386,-1.6928,-2.0314,-18.2597,18.89347463999991,1.3495339028571363,-3.750324451176471,1.7722999999999978,2.1108999999999973,1.7722999999999978,2.1108999999999973,0.3386,0.3386,-2.0314,-2.0314,-1.6928,-1.6928,1.7722999999999978,1.7722999999999978,2.1108999999999973,2.1108999999999973
GaSe_In4Ga63Se67S3_c775d2a7-5703-48b3-84f5-adf9baac4bc4,16940db5-86ad-4902-91ce-4337f46126e2,-517.24824725,-2.50596796,0.5206589,1.0377000000000005,-1.547,-2.5847,-18.2368,0.9613999999999998,-1.5455,-2.5069,-18.2368,15.322352749999936,1.0944537678571382,-3.7755346514598536,1.1960999999999995,2.2337999999999987,1.2738999999999994,2.2352999999999987,0.9613999999999998,1.0377000000000005,-2.5847,-2.5069,-1.547,-1.5455,1.1960999999999995,1.2738999999999994,2.2337999999999987,2.2352999999999987
GaSe_In4Ga64Se66S3_91093985-5b81-448b-b0eb-7f5591315f3d,e8a44c84-8e77-4f91-aced-73ff0380ed32,-515.68730039,-2.59978476,1.0607282,0.9543,-1.6956,-2.6499,-17.8995,0.8699000000000001,-1.6943,-2.5642,-17.8995,16.424299609999935,1.1731642578571382,-3.7641408787591244,0.7935999999999996,1.7479000000000013,0.8793000000000006,1.7492000000000019,0.8699000000000001,0.9543,-2.6499,-2.5642,-1.6956,-1.6943,0.7935999999999996,0.8793000000000006,1.7479000000000013,1.7492000000000019
GaSe_In4Ga64Se66S5_1ad11dea-2253-43e8-a202-f5ec239822e8,b71668cf-6dcc-4d7d-916c-50a17214dec9,-528.64021738,-2.56877736,1.2197856,1.0317,-1.5815,-2.6132,-18.0958,0.9186,-1.5802,-2.4988,-18.0958,11.725382620000005,0.8375273300000003,-3.803167031510791,1.026600000000002,2.0583000000000027,1.1410000000000018,2.0595999999999997,0.9186,1.0317,-2.6132,-2.4988,-1.5815,-1.5802,1.026600000000002,1.1410000000000018,2.0583000000000027,2.0595999999999997
GaSe_In4Ga65Se65S2_8cd9fd23-4ce3-402c-998e-807a0c18798e,40ed5b9b-6c74-46cd-b8b4-49970fda6d76,-509.04554575,-2.38124052,0.7366056,0.879,-1.5861,-2.4651,-18.1521,0.7220000000000002,-1.5845,-2.3065,-18.1521,18.480054249999966,1.3200038749999976,-3.7429819540441174,1.2310000000000016,2.110000000000003,1.3896000000000015,2.111600000000003,0.7220000000000002,0.879,-2.4651,-2.3065,-1.5861,-1.5845,1.2310000000000016,1.3896000000000015,2.110000000000003,2.111600000000003
GaSe_In3Ga66Se64S5_fcd22966-d528-42d3-83a8-e4e0e565f021,a1f35aaf-9e68-412e-aea9-d7a153661c0b,-523.0099186,-1.99773055,0.9847387,0.5156000000000003,-1.6541,-2.1697,-18.2401,0.1742000000000001,-1.6515,-1.8257,-18.2398,13.722681399999942,0.9801915285714244,-3.7899269463768115,1.6144000000000034,2.1300000000000026,1.9580999999999982,2.1323000000000008,0.1742000000000001,0.5156000000000003,-2.1697,-1.8257,-1.6541,-1.6515,1.6144000000000034,1.9580999999999982,2.1300000000000026,2.1323000000000008
GaSe_Ga67Se63S5_63ce5e76-983d-4aaf-8d5f-77b57be7c3ba,391c1416-253f-4397-b8fb-872d10941c64,-509.96929422,-2.70841055,0.0695982,0.9549999999999998,-1.8109,-2.7659,-18.2682,0.9503,-1.8109,-2.7612,-18.2683,18.159305779999954,1.2970932699999966,-3.7775503275555553,1.0463000000000005,2.0013000000000005,1.0511,2.0014000000000003,0.9503,0.9549999999999998,-2.7659,-2.7612,-1.8109,-1.8109,1.0463000000000005,1.0511,2.0013000000000005,2.0014000000000003
GaSe_In5Ga64Se66S2_e1e76cc4-25aa-4d00-9e6d-3fdd26cfb9b8,8532bfbd-a9a9-4f85-a220-2b426af4ffeb,-513.91813602,-2.44369733,0.8867854,0.5703999999999998,-1.991,-2.5614,-18.2155,0.3742000000000001,-1.9901,-2.3643,-18.2155,16.7814639799999,1.1986759985714213,-3.7512272702189784,1.1981000000000002,1.7684999999999995,1.395199999999999,1.769400000000001,0.3742000000000001,0.5703999999999998,-2.5614,-2.3643,-1.991,-1.9901,1.1981000000000002,1.395199999999999,1.7684999999999995,1.769400000000001
GaSe_In4Ga66Se64S5_0ca3d911-5e77-424b-b7f4-7f589bdafb13,960b2250-69d4-4e75-a82b-1e31af531fce,-527.04786903,-2.05789472,0.0,1.0522000000000002,-1.5026,-2.5548,-18.0622,1.0522000000000002,-1.5026,-2.5548,-18.0622,12.39973096999995,0.8856950692857107,-3.7917112879856116,1.051400000000001,2.1036,1.051400000000001,2.1036,1.0522000000000002,1.0522000000000002,-2.5548,-2.5548,-1.5026,-1.5026,1.051400000000001,1.051400000000001,2.1036,2.1036
GaSe_In4Ga66Se64S4_f2d3539c-e4b4-4f11-bbbf-d36f33abaf38,8b50cba8-3be5-454b-9039-efa54f4b1c47,-520.56783364,-2.0406548,0.0002833,0.8260999999999998,-1.6282,-2.4543,-18.1287,0.8260999999999998,-1.6282,-2.4543,-18.1287,14.752766359999896,1.0537690257142782,-3.7722306785507245,1.218399999999999,2.0444999999999993,1.218399999999999,2.0444999999999993,0.8260999999999998,0.8260999999999998,-2.4543,-2.4543,-1.6282,-1.6282,1.218399999999999,1.218399999999999,2.0444999999999993,2.0444999999999993
GaSe_In3Ga64Se66S4_daf28799-90d3-48c7-a7a3-3e72de9d7e0a,31e3507a-a4e8-4a89-8b2d-199465413567,-515.62682123,-2.5314747,2.0260393,0.4617999999999997,-2.1103,-2.5721,-18.3188,0.3065000000000002,-2.1085,-2.415,-18.3188,17.89677876999997,1.2783413407142834,-3.7636994250364966,1.290700000000001,1.7525000000000013,1.4478000000000009,1.7543000000000006,0.3065000000000002,0.4617999999999997,-2.5721,-2.415,-2.1103,-2.1085,1.290700000000001,1.4478000000000009,1.7525000000000013,1.7543000000000006
GaSe_In5Ga63Se67S4_f883b3c6-5251-450e-b19b-e0a252790ca0,aa8a9c60-c2f5-44d1-a3f4-010af8a66ef9,-526.24869457,-2.57082656,1.2094947,1.0039000000000002,-1.6212,-2.6251,-18.1422,0.9066,-1.6161,-2.5227,-18.1422,13.163905429999886,0.9402789592857062,-3.785961831438849,1.0610999999999997,2.0650000000000013,1.163499999999999,2.0701,0.9066,1.0039000000000002,-2.6251,-2.5227,-1.6212,-1.6161,1.0610999999999997,1.163499999999999,2.0650000000000013,2.0701
GaSe_In2Ga65Se65S2_8ac2e0c7-caf2-4728-9ed8-547e55a01bee,87ed22f2-bb62-4b35-a2f3-fd71f6a88558,-498.68076246,-2.61871452,0.572349,0.9544,-1.7535,-2.7079,-18.2619,0.8472000000000002,-1.7522,-2.5994,-18.262,23.414837540000008,1.6724883957142862,-3.7214982273134325,1.0980000000000008,2.0524000000000022,1.2066000000000017,2.0538000000000025,0.8472000000000002,0.9544,-2.7079,-2.5994,-1.7535,-1.7522,1.0980000000000008,1.2066000000000017,2.0524000000000022,2.0538000000000025
GaSe_In4Ga65Se65S3_30ca4451-0b98-401b-9292-5e7fae6c5041,41dd9476-7498-4cc3-9da6-4e53af6d5c81,-516.75919605,-2.28825199,0.9930405,0.8091000000000002,-1.6712,-2.4803,-17.7483,0.4349000000000003,-1.6622,-2.0971,-17.7483,14.893403949999879,1.0638145678571342,-3.771964934671533,0.8120000000000012,1.621100000000002,1.1951999999999998,1.6301000000000023,0.4349000000000003,0.8091000000000002,-2.4803,-2.0971,-1.6712,-1.6622,0.8120000000000012,1.1951999999999998,1.621100000000002,1.6301000000000023
GaSe_In4Ga63Se67S1_d63cbbe4-0886-45fc-ac09-7648a193031c,cfaf5ab7-5f0c-4614-9b76-c5c35e5ad6a6,-504.77619204,-2.44513069,0.2945052,0.7931999999999999,-1.6941,-2.4873,-18.0073,0.7425000000000002,-1.6938,-2.4363,-18.0073,19.540407959999925,1.3957434257142805,-3.739082904,1.0640000000000018,1.8572000000000024,1.115000000000002,1.8575000000000017,0.7425000000000002,0.7931999999999999,-2.4873,-2.4363,-1.6941,-1.6938,1.0640000000000018,1.115000000000002,1.8572000000000024,1.8575000000000017
GaSe_In4Ga65Se65S3_135d05a5-37ad-4c07-9d7a-8d33d166d1bc,41dd9476-7498-4cc3-9da6-4e53af6d5c81,-515.80165102,-2.01982168,0.9886028,0.5453000000000001,-1.6545,-2.1998,-18.1151,0.1958000000000002,-1.6441,-1.8399,-18.1146,15.850948979999885,1.132210641428563,-3.764975554890511,1.4593000000000025,2.0046000000000035,1.8186999999999998,2.0145000000000017,0.1958000000000002,0.5453000000000001,-2.1998,-1.8399,-1.6545,-1.6441,1.4593000000000025,1.8186999999999998,2.0046000000000035,2.0145000000000017
GaSe_In2Ga66Se64S3_98ed29dc-99e9-4c91-b419-11d85d62d35a,d033a5a9-e325-4e3c-8ea7-5c63321ef5b2,-505.30043024,-2.20928786,0.0001622,0.6954000000000002,-1.8615,-2.5569,-18.3443,0.6954000000000002,-1.8615,-2.5569,-18.3443,20.463169759999914,1.4616549828571368,-3.742966149925926,1.3314000000000004,2.0268000000000015,1.3314000000000004,2.0268000000000015,0.6954000000000002,0.6954000000000002,-2.5569,-2.5569,-1.8615,-1.8615,1.3314000000000004,1.3314000000000004,2.0268000000000015,2.0268000000000015
GaSe_In2Ga68Se62S5_c4256630-fdc9-4afd-ad38-03da8ed17558,8aa944c1-3919-47d4-98c3-18012c0aafff,-517.56615744,-2.01021466,0.0003106,0.7566000000000002,-1.6319,-2.3885,-18.2445,0.7566000000000002,-1.6319,-2.3885,-18.2445,15.533442559999912,1.1095316114285652,-3.7778551637956204,1.3999999999999986,2.156600000000001,1.3999999999999986,2.156600000000001,0.7566000000000002,0.7566000000000002,-2.3885,-2.3885,-1.6319,-1.6319,1.3999999999999986,1.3999999999999986,2.156600000000001,2.156600000000001
GaSe_In2Ga65Se65S2_505b8138-56cf-478e-8f79-2376a6782901,87ed22f2-bb62-4b35-a2f3-fd71f6a88558,-502.83943606,-2.40366263,0.7993789,0.6583000000000001,-1.8424,-2.5007,-18.15,0.4826000000000001,-1.8403,-2.3229,-18.15,19.256163939999965,1.375440281428569,-3.7525331049253734,1.193299999999999,1.8515999999999977,1.3710999999999984,1.8537,0.4826000000000001,0.6583000000000001,-2.5007,-2.3229,-1.8424,-1.8403,1.193299999999999,1.3710999999999984,1.8515999999999977,1.8537
GaSe_In5Ga64Se66S2_ffed14bc-3c7e-4477-9c51-1406467b282e,8532bfbd-a9a9-4f85-a220-2b426af4ffeb,-514.15145535,-2.46346637,0.2981064,0.7139,-1.7943,-2.5082,-17.8426,0.6673,-1.794,-2.4613,-17.8426,16.548144649999927,1.182010332142852,-3.7529303310218975,0.878400000000001,1.5923000000000016,0.9253000000000018,1.592600000000001,0.6673,0.7139,-2.5082,-2.4613,-1.7943,-1.794,0.878400000000001,0.9253000000000018,1.5923000000000016,1.592600000000001
GaSe_In3Ga67Se63S5_c7ed2abd-a1d9-4c32-bc3c-09d853e32869,d8e9827a-da1c-4662-8473-478a438fe786,-520.45459406,-2.22841202,0.0003939,0.3490999999999999,-1.6311,-1.9802,-18.0119,0.3490999999999999,-1.6311,-1.9802,-18.0119,15.819005940000011,1.1299289957142864,-3.771410101884058,1.5757000000000012,1.9248000000000012,1.5757000000000012,1.9248000000000012,0.3490999999999999,0.3490999999999999,-1.9802,-1.9802,-1.6311,-1.6311,1.5757000000000012,1.5757000000000012,1.9248000000000012,1.9248000000000012
GaSe_In3Ga67Se63S5_5b43a859-a10b-4cff-be98-b56b9cc0004b,d8e9827a-da1c-4662-8473-478a438fe786,-522.10340364,-2.16104376,0.0002534,0.7735000000000001,-1.7743,-2.5478,-18.1654,0.7735000000000001,-1.7743,-2.5478,-18.1654,14.170196359999977,1.0121568828571412,-3.7833579973913043,1.1616000000000017,1.935100000000002,1.1616000000000017,1.935100000000002,0.7735000000000001,0.7735000000000001,-2.5478,-2.5478,-1.7743,-1.7743,1.1616000000000017,1.1616000000000017,1.935100000000002,1.935100000000002
GaSe_In3Ga67Se63S4_c98ccbfd-005b-4ee6-98a5-a80e05ab2398,db2cd71c-aba5-4d02-8d90-660edcb84d23,-515.15867983,-2.16289404,6.08e-05,0.8053999999999999,-1.761,-2.5664,-17.9995,0.8053999999999999,-1.761,-2.5664,-17.9995,16.98792016999994,1.2134228692857099,-3.7602823345255474,0.9771000000000019,1.7825000000000024,0.9771000000000019,1.7825000000000024,0.8053999999999999,0.8053999999999999,-2.5664,-2.5664,-1.761,-1.761,0.9771000000000019,0.9771000000000019,1.7825000000000024,1.7825000000000024
GaSe_In3Ga64Se66S3_7df1e830-5b5b-4ca3-b6a3-acd1d6b38004,973b7d68-1b26-4ff7-8bc3-56d77d282fd4,-512.22190792,-2.32828392,0.9839005,0.9131,-1.5903,-2.5034,-18.2736,0.6680000000000001,-1.4977,-2.1657,-18.2735,17.174692079999886,1.226763719999992,-3.7663375582352945,1.3141999999999996,2.2272999999999996,1.651799999999998,2.319799999999997,0.6680000000000001,0.9131,-2.5034,-2.1657,-1.5903,-1.4977,1.3141999999999996,1.651799999999998,2.2272999999999996,2.319799999999997
GaSe_In3Ga66Se64S5_99a09462-e9ca-42d9-ac13-69a712ecb90d,a1f35aaf-9e68-412e-aea9-d7a153661c0b,-522.65439413,-2.53289754,0.7334001,0.8714,-1.7586,-2.63,-18.2277,0.7448999999999999,-1.758,-2.5029,-18.2277,14.07820586999992,1.005586133571423,-3.7873506821014495,1.1417000000000002,2.013099999999998,1.2687999999999988,2.0137,0.7448999999999999,0.8714,-2.63,-2.5029,-1.7586,-1.758,1.1417000000000002,1.2687999999999988,2.013099999999998,2.0137
GaSe_In4Ga66Se64S4_2e32f56f-5608-4197-aa41-f70f9d2aa5a3,8b50cba8-3be5-454b-9039-efa54f4b1c47,-522.31198682,-1.94588888,0.0,0.8715000000000002,-1.5103,-2.3818,-17.9666,0.8715000000000002,-1.5103,-2.3818,-17.9666,13.008613179999884,0.9291866557142774,-3.784869469710145,1.1288,2.0002999999999993,1.1288,2.0002999999999993,0.8715000000000002,0.8715000000000002,-2.3818,-2.3818,-1.5103,-1.5103,1.1288,1.1288,2.0002999999999993,2.0002999999999993
GaSe_In3Ga65Se65S4_2b3937ae-28f9-4994-8220-4f87a0c6b5e8,e92872de-ba25-4efe-96b4-dca8e863b078,-517.21635267,-2.1832681,2.29e-05,0.5801999999999998,-1.8932,-2.4734,-18.3767,0.5801999999999998,-1.8932,-2.4734,-18.3767,15.848247329999936,1.1320176664285668,-3.7753018443065693,1.4473000000000003,2.0275,1.4473000000000003,2.0275,0.5801999999999998,0.5801999999999998,-2.4734,-2.4734,-1.8932,-1.8932,1.4473000000000003,1.4473000000000003,2.0275,2.0275
GaSe_In5Ga65Se65S4_e8bc2d6b-9468-417c-afe0-412f8c3bd7f8,3472d43c-8ebe-4164-b4eb-f82e2b99f7af,-525.90429942,-2.08562803,0.0001345,0.8198999999999999,-1.6758,-2.4957,-17.9578,0.8198999999999999,-1.6758,-2.4957,-17.9578,12.590300579999962,0.8993071842857115,-3.783484168489209,1.0061,1.8260000000000005,1.0061,1.8260000000000005,0.8198999999999999,0.8198999999999999,-2.4957,-2.4957,-1.6758,-1.6758,1.0061,1.0061,1.8260000000000005,1.8260000000000005
GaSe_In1Ga66Se64S5_e4f0f7e5-519e-4c31-9d54-1f7ef11ae04c,f3050f03-e920-4983-9fb5-ee10d52884d9,-513.06178748,-2.57666848,0.1851901,0.6564000000000003,-1.9687,-2.6251,-18.2224,0.6452,-1.9686,-2.6138,-18.2224,18.240812519999963,1.3029151799999974,-3.7725131432352943,1.141300000000001,1.7977000000000025,1.1526000000000014,1.7978000000000023,0.6452,0.6564000000000003,-2.6251,-2.6138,-1.9687,-1.9686,1.141300000000001,1.1526000000000014,1.7977000000000025,1.7978000000000023
GaSe_In5Ga62Se68S3_8c1587f2-819f-4463-b2ee-642f0f7f28bc,bf4b009e-4d12-4511-b687-5f5238fa20af,-522.57450692,-2.66067913,1.5751461,1.4198999999999995,-1.2292,-2.6491,-17.8944,1.3340999999999998,-1.2212,-2.5553,-17.8939,13.170093080000015,0.9407209342857153,-3.7867717892753623,0.7893000000000008,2.2092000000000027,0.8826,2.2166999999999994,1.3340999999999998,1.4198999999999995,-2.6491,-2.5553,-1.2292,-1.2212,0.7893000000000008,0.8826,2.2092000000000027,2.2166999999999994
GaSe_In4Ga65Se65S4_a5bea4cf-104d-434b-a90a-45840cb2d497,6923c62d-24b8-4c10-9b84-9b1c8a3012e6,-520.9701985,-2.51048633,0.6260403,0.8879000000000001,-1.7161,-2.604,-18.0891,0.8049000000000002,-1.7145,-2.5194,-18.0891,14.809401499999922,1.0578143928571373,-3.7751463659420295,1.0290999999999997,1.916999999999998,1.113699999999998,1.9185999999999979,0.8049000000000002,0.8879000000000001,-2.604,-2.5194,-1.7161,-1.7145,1.0290999999999997,1.113699999999998,1.916999999999998,1.9185999999999979
GaSe_In5Ga63Se67S3_b1e10e77-faa1-4f3f-8230-cee01505e90c,ba53cbde-a11a-4494-89b7-1230974d892c,-520.30903867,-2.08268576,0.0001316,0.1909,-1.6413,-1.8322,-18.1238,0.1909,-1.6413,-1.8322,-18.1238,14.976561329999981,1.0697543807142844,-3.770355352681159,1.8355999999999995,2.0264999999999986,1.8355999999999995,2.0264999999999986,0.1909,0.1909,-1.8322,-1.8322,-1.6413,-1.6413,1.8355999999999995,1.8355999999999995,2.0264999999999986,2.0264999999999986
GaSe_In4Ga64Se66S2_78d2fbe4-32ad-4036-8a56-5ed7dab58fbe,5c939222-7197-4319-aa28-8c17572486c2,-510.57049781,-2.00989812,0.0001098,0.5542999999999998,-1.7295,-2.2838,-18.0514,0.5544,-1.7295,-2.2839,-18.0514,17.414102189999994,1.2438644421428566,-3.754194836838235,1.311600000000002,1.8659,1.3115000000000023,1.8659,0.5542999999999998,0.5544,-2.2839,-2.2838,-1.7295,-1.7295,1.3115000000000023,1.311600000000002,1.8659,1.8659
GaSe_In3Ga67Se63S4_150f71a0-e363-4391-a510-89e4bc385a9c,db2cd71c-aba5-4d02-8d90-660edcb84d23,-516.92381056,-2.00751464,0.0002782,0.7544,-1.6303,-2.3847,-17.8,0.7544,-1.6303,-2.3847,-17.8,15.222789439999929,1.0873421028571377,-3.773166500437956,0.9593000000000007,1.7136999999999993,0.9593000000000007,1.7136999999999993,0.7544,0.7544,-2.3847,-2.3847,-1.6303,-1.6303,0.9593000000000007,0.9593000000000007,1.7136999999999993,1.7136999999999993
GaSe_In2Ga67Se63S5_4a7d796f-7a0f-4825-8e8a-4087c11827a0,7d8b6807-1bf6-447d-a683-c314b9ae4b43,-518.85993089,-2.20463712,0.6543598,0.8073000000000001,-1.4646,-2.2719,-18.2309,0.6769000000000001,-1.4605,-2.1374,-18.2306,14.698669109999969,1.0499049364285693,-3.787298765620438,1.5029999999999983,2.310299999999998,1.6372,2.3141,0.6769000000000001,0.8073000000000001,-2.2719,-2.1374,-1.4646,-1.4605,1.5029999999999983,1.6372,2.310299999999998,2.3141
GaSe_In4Ga66Se64S5_871c5470-9011-4354-b431-34263116f96b,960b2250-69d4-4e75-a82b-1e31af531fce,-529.50889437,-1.93507057,0.0002785,0.9692999999999998,-1.4486,-2.4179,-17.8658,0.9692999999999998,-1.4486,-2.4179,-17.8658,9.938705629999959,0.7099075449999971,-3.8094165062589926,0.9919000000000011,1.9612000000000016,0.9919000000000011,1.9612000000000016,0.9692999999999998,0.9692999999999998,-2.4179,-2.4179,-1.4486,-1.4486,0.9919000000000011,0.9919000000000011,1.9612000000000016,1.9612000000000016
GaSe_In4Ga63Se67_44483baf-72cf-4d68-9e70-842818e918a2,3f1b6eec-bc2a-4478-a5aa-fc8d50319201,-499.18490029,-2.48616439,0.0187484,0.5127000000000002,-1.9954,-2.5081,-18.1911,0.5101,-1.9954,-2.5055,-18.1911,21.004699709999954,1.5003356935714254,-3.725260449925373,1.2269999999999985,1.7396999999999991,1.2295999999999996,1.7396999999999991,0.5101,0.5127000000000002,-2.5081,-2.5055,-1.9954,-1.9954,1.2269999999999985,1.2295999999999996,1.7396999999999991,1.7396999999999991
GaSe_In4Ga64Se66S3_b7a39136-0545-463f-9e3a-11a361368c55,e8a44c84-8e77-4f91-aced-73ff0380ed32,-517.06140082,-2.02903462,0.000214,0.9305,-1.5647,-2.4952,-17.9509,0.9305,-1.5647,-2.4952,-17.9509,15.050199179999936,1.0750142271428527,-3.77417080890511,0.9997000000000007,1.9302000000000028,0.9997000000000007,1.9302000000000028,0.9305,0.9305,-2.4952,-2.4952,-1.5647,-1.5647,0.9997000000000007,0.9997000000000007,1.9302000000000028,1.9302000000000028
GaSe_In4Ga66Se64S3_ac8ad6b1-5e9a-4ad6-a316-4e65811aad1f,4c045784-5fba-45c5-ada5-8e373438f5bf,-513.68886577,-2.10341763,0.0002132,0.1511,-1.6934,-1.8445,-18.1164,0.1511,-1.6934,-1.8445,-18.1164,17.50473422999994,1.25033815928571,-3.7495537647445256,1.8158999999999992,1.9669999999999987,1.8158999999999992,1.9669999999999987,0.1511,0.1511,-1.8445,-1.8445,-1.6934,-1.6934,1.8158999999999992,1.8158999999999992,1.9669999999999987,1.9669999999999987
GaSe_In1Ga68Se62S5_619bcaa6-3b95-476e-a84d-ee87580f8e33,90e04ea0-6536-4149-b1bd-6cd5cd3a3ee0,-513.63879432,-2.25090091,0.8812943,0.7199,-1.642,-2.3619,-18.1965,0.5246999999999999,-1.6152,-2.1399,-18.1965,16.74580567999999,1.1961289771428565,-3.776755840588235,1.3786000000000005,2.0985000000000014,1.6006,2.1252999999999993,0.5246999999999999,0.7199,-2.3619,-2.1399,-1.642,-1.6152,1.3786000000000005,1.6006,2.0985000000000014,2.1252999999999993
GaSe_In5Ga62Se68S2_3b7f123a-abdb-4e24-a918-016429f88158,1fd2a4d9-8b74-41d2-87e4-ea6836e8beda,-516.44210752,-2.60169464,0.0022681,0.999,-1.6564,-2.6554,-17.9429,0.9989,-1.6564,-2.6553,-17.9429,15.175492479999889,1.0839637485714206,-3.769650419854015,0.8315000000000019,1.8305000000000007,0.8316000000000017,1.8305000000000007,0.9989,0.999,-2.6554,-2.6553,-1.6564,-1.6564,0.8315000000000019,0.8316000000000017,1.8305000000000007,1.8305000000000007
GaSe_In3Ga67Se63S4_6dbd1f4d-9f61-4d9c-93ea-913b499727cd,db2cd71c-aba5-4d02-8d90-660edcb84d23,-516.86395795,-2.00522535,0.0003375,0.9398,-1.5318,-2.4716,-17.8615,0.9398,-1.5318,-2.4716,-17.8615,15.282642049999936,1.0916172892857097,-3.7727296200729925,0.9338999999999995,1.8736999999999995,0.9338999999999995,1.8736999999999995,0.9398,0.9398,-2.4716,-2.4716,-1.5318,-1.5318,0.9338999999999995,0.9338999999999995,1.8736999999999995,1.8736999999999995
GaSe_In2Ga66Se64S5_a479fa45-d596-4834-b6b6-6e9a547497dd,5040b371-7c47-48af-b915-4bf9d213852e,-519.26379489,-2.08134267,0.0,0.8223,-1.6703,-2.4926,-18.1497,0.8223,-1.6703,-2.4926,-18.1497,14.753805109999917,1.053843222142851,-3.790246678029197,1.2011000000000003,2.0233999999999988,1.2011000000000003,2.0233999999999988,0.8223,0.8223,-2.4926,-2.4926,-1.6703,-1.6703,1.2011000000000003,1.2011000000000003,2.0233999999999988,2.0233999999999988
GaSe_In5Ga64Se66S2_485117fa-df67-40fc-8410-10f412519510,8532bfbd-a9a9-4f85-a220-2b426af4ffeb,-513.30224284,-2.47264864,0.0018996,0.6102000000000001,-1.8886,-2.4988,-17.9852,0.6100000000000001,-1.8886,-2.4986,-17.9852,17.397357159999956,1.2426683685714255,-3.7467316995620434,1.0304000000000002,1.6405999999999992,1.0305999999999997,1.6405999999999992,0.6100000000000001,0.6102000000000001,-2.4988,-2.4986,-1.8886,-1.8886,1.0304000000000002,1.0305999999999997,1.6405999999999992,1.6405999999999992
GaSe_In3Ga66Se64S3_b9a0a16e-e65c-4c87-ae2e-e454c393c61b,e8cb8f25-1a5d-4b17-b8ef-9ee6d214b1ac,-508.76786596,-2.53357302,0.2618406,0.6092,-1.9623,-2.5715,-18.123,0.6060999999999999,-1.9622,-2.5683,-18.123,19.71073403999992,1.4079095742857086,-3.7409401908823527,1.0955000000000013,1.7047000000000025,1.098700000000001,1.7048000000000023,0.6060999999999999,0.6092,-2.5715,-2.5683,-1.9623,-1.9622,1.0955000000000013,1.098700000000001,1.7047000000000025,1.7048000000000023
GaSe_In2Ga67Se63S4_4addc86a-bd2a-4d60-ba97-b67a7513051d,50e620cc-768d-4403-a8e9-a02e4e23b580,-513.03299199,-2.21380636,0.0035401,0.7071000000000001,-1.5069,-2.214,-18.0509,0.7068000000000001,-1.5068,-2.2136,-18.0509,16.39860800999986,1.1713291435714186,-3.772301411691177,1.3808999999999987,2.0879999999999974,1.3812999999999995,2.0881000000000007,0.7068000000000001,0.7071000000000001,-2.214,-2.2136,-1.5069,-1.5068,1.3808999999999987,1.3812999999999995,2.0879999999999974,2.0881000000000007
GaSe_In5Ga65Se65S2_e0f07a14-8de8-45d5-9262-b752468cf276,40a202f5-373c-446d-bbc0-13abe38b40aa,-513.31878626,-2.0864549,0.0002837,1.0545,-1.528,-2.5825,-17.8327,1.0545,-1.528,-2.5825,-17.8327,16.921813739999948,1.2087009814285676,-3.7468524544525548,0.7942,1.848700000000001,0.7942,1.848700000000001,1.0545,1.0545,-2.5825,-2.5825,-1.528,-1.528,0.7942,0.7942,1.848700000000001,1.848700000000001
GaSe_In5Ga65Se65S4_814532c1-6f12-4c79-a161-c2f8fa9e553d,3472d43c-8ebe-4164-b4eb-f82e2b99f7af,-525.79325586,-1.95917754,0.0002177,0.2712999999999999,-1.4852,-1.7565,-18.0051,0.2712999999999999,-1.4852,-1.7565,-18.0051,12.701344139999946,0.9072388671428533,-3.7826852939568347,1.7926000000000002,2.0639000000000003,1.7926000000000002,2.0639000000000003,0.2712999999999999,0.2712999999999999,-1.7565,-1.7565,-1.4852,-1.4852,1.7926000000000002,1.7926000000000002,2.0639000000000003,2.0639000000000003
GaSe_In4Ga63Se67_45303e02-131f-452a-bc70-3c4d2b1bfb25,3f1b6eec-bc2a-4478-a5aa-fc8d50319201,-498.97860043,-2.52688177,0.2639277,0.7641,-1.7919,-2.556,-18.1998,0.7195,-1.7915,-2.511,-18.1998,21.210999570000013,1.5150713978571437,-3.7237208987313433,1.1877999999999993,1.9518999999999984,1.232800000000001,1.952300000000001,0.7195,0.7641,-2.556,-2.511,-1.7919,-1.7915,1.1877999999999993,1.232800000000001,1.9518999999999984,1.952300000000001
GaSe_In4Ga63Se67S2_f8c5bba0-83ad-4b24-9556-5319d06c569b,9c7df0ba-0346-4755-87e3-3ec8d8aebf00,-509.45096589,-2.44694081,0.6247112,0.5314999999999999,-2.0005,-2.532,-18.1358,0.4523999999999999,-2.0,-2.4524,-18.1356,18.992634109999926,1.3566167221428518,-3.745962984485294,1.1478000000000002,1.6793000000000013,1.2271999999999998,1.6796000000000006,0.4523999999999999,0.5314999999999999,-2.532,-2.4524,-2.0005,-2.0,1.1478000000000002,1.2271999999999998,1.6793000000000013,1.6796000000000006
GaSe_In5Ga64Se66S3_092ace70-d430-4029-9e94-d7ab091dfc1b,b29980a3-6edb-445f-8a9b-64424c1d4bc7,-520.22779809,-2.40077693,0.5440347,0.8142,-1.6726,-2.4868,-18.1094,0.7398,-1.6722,-2.412,-18.1094,14.59880191000002,1.0427715650000013,-3.7697666528260867,1.1666000000000007,1.9808000000000021,1.2414000000000023,1.9812000000000012,0.7398,0.8142,-2.4868,-2.412,-1.6726,-1.6722,1.1666000000000007,1.2414000000000023,1.9808000000000021,1.9812000000000012
GaSe_In1Ga68Se62S5_257acf0a-1a96-405c-b7b2-2cab607ac6ef,90e04ea0-6536-4149-b1bd-6cd5cd3a3ee0,-511.24297801,-2.46680444,0.0032048,0.7058999999999997,-1.7757,-2.4816,-18.2485,0.7054999999999998,-1.7757,-2.4812,-18.2484,19.141621989999976,1.367258713571427,-3.7591395441911764,1.3109000000000002,2.0168,1.3112000000000013,2.0167,0.7054999999999998,0.7058999999999997,-2.4816,-2.4812,-1.7757,-1.7757,1.3109000000000002,1.3112000000000013,2.0167,2.0168
GaSe_Ga68Se62S5_30af61ab-ddcf-4b58-ae36-813748a599bc,a9853347-6ad2-4ddf-8d54-182a0a4711d7,-508.38035942,-2.12548234,0.0002944,0.9496,-1.6552,-2.6048,-18.4529,0.9496,-1.6552,-2.6048,-18.4529,19.289240579999955,1.3778028985714255,-3.765780440148148,1.3920999999999992,2.3416999999999994,1.3920999999999992,2.3416999999999994,0.9496,0.9496,-2.6048,-2.6048,-1.6552,-1.6552,1.3920999999999992,1.3920999999999992,2.3416999999999994,2.3416999999999994
GaSe_In5Ga64Se66S1_b8739265-7959-4b99-86b9-787b8056384d,6ca55e2e-d7ac-4289-bc38-2f67cf34dba7,-507.34729755,-2.31539016,0.8835397,0.494,-1.9347,-2.4287,-18.1528,0.2734000000000001,-1.9325,-2.2059,-18.1527,19.22530244999996,1.3732358892857113,-3.730494834926471,1.2681000000000004,1.7621000000000002,1.4908000000000001,1.7641999999999989,0.2734000000000001,0.494,-2.4287,-2.2059,-1.9347,-1.9325,1.2681000000000004,1.4908000000000001,1.7621000000000002,1.7641999999999989
GaSe_In5Ga62Se68S2_dc3fac3c-4027-4a54-92f8-f47afd8225e3,1fd2a4d9-8b74-41d2-87e4-ea6836e8beda,-515.20418884,-2.51188535,0.5194266,1.0117,-1.5767,-2.5884,-18.1095,0.9335999999999998,-1.5762,-2.5098,-18.1095,16.413411159999896,1.172386511428564,-3.7606145170802923,1.065100000000001,2.076800000000002,1.1437000000000008,2.077300000000001,0.9335999999999998,1.0117,-2.5884,-2.5098,-1.5767,-1.5762,1.065100000000001,1.1437000000000008,2.076800000000002,2.077300000000001
GaSe_In5Ga63Se67S3_25b20c0c-2a11-4118-9371-507f121a39fa,ba53cbde-a11a-4494-89b7-1230974d892c,-521.0942676,-2.08901069,0.0002003,0.5609999999999999,-1.8091,-2.3701,-18.0285,0.5609999999999999,-1.8091,-2.3701,-18.0285,14.191332399999965,1.0136665999999974,-3.776045417391304,1.2024000000000008,1.7634000000000007,1.2024000000000008,1.7634000000000007,0.5609999999999999,0.5609999999999999,-2.3701,-2.3701,-1.8091,-1.8091,1.2024000000000008,1.2024000000000008,1.7634000000000007,1.7634000000000007
GaSe_In1Ga66Se64S3_aed2c7ba-1c1d-4da3-9dd7-bb17b3132164,1decdbf1-1e24-4d5b-a93f-9f58ea1c7472,-501.53202113,-2.47506783,0.3658687,0.7398999999999998,-1.7714,-2.5113,-18.0162,0.6746999999999999,-1.7707,-2.4454,-18.0162,21.51657886999999,1.5368984907142849,-3.742776277089552,1.0489000000000015,1.788800000000002,1.1148000000000025,1.7895000000000003,0.6746999999999999,0.7398999999999998,-2.5113,-2.4454,-1.7714,-1.7707,1.0489000000000015,1.1148000000000025,1.788800000000002,1.7895000000000003
GaSe_In5Ga62Se68S3_34307807-fce8-450d-9bc9-487e8342c842,bf4b009e-4d12-4511-b687-5f5238fa20af,-519.21599883,-2.59015801,2.6297826,0.7812000000000001,-1.9034,-2.6846,-18.2355,0.5327,-1.9012,-2.4339,-18.2356,16.52860117,1.1806143692857145,-3.7624347741304347,1.094899999999999,1.8760999999999974,1.3457000000000026,1.8784000000000027,0.5327,0.7812000000000001,-2.6846,-2.4339,-1.9034,-1.9012,1.094899999999999,1.3457000000000026,1.8760999999999974,1.8784000000000027
GaSe_In5Ga63Se67_12d7a303-c73c-4edd-94ad-caef7f6d72cd,5b533073-4837-4dcf-96eb-808d40714ccf,-506.39932387,-2.10578753,0.0002893,0.8833000000000002,-1.6631,-2.5464,-18.1254,0.8833000000000002,-1.6631,-2.5464,-18.1254,16.50527612999997,1.1789482949999979,-3.751106102740741,1.1229999999999993,2.0062999999999995,1.1229999999999993,2.0062999999999995,0.8833000000000002,0.8833000000000002,-2.5464,-2.5464,-1.6631,-1.6631,1.1229999999999993,1.1229999999999993,2.0062999999999995,2.0062999999999995
GaSe_In2Ga67Se63S4_47a971aa-a132-49b4-8f5d-dbb579c4937b,50e620cc-768d-4403-a8e9-a02e4e23b580,-512.62751384,-2.10490615,0.9196633,0.6658,-1.5636,-2.2294,-17.9264,0.4201999999999999,-1.5602,-1.9804,-17.9263,16.804086159999883,1.2002918685714203,-3.769319954705882,1.2410000000000014,1.9068000000000005,1.4899000000000022,1.9101000000000035,0.4201999999999999,0.6658,-2.2294,-1.9804,-1.5636,-1.5602,1.2410000000000014,1.4899000000000022,1.9068000000000005,1.9101000000000035
GaSe_In3Ga64Se66S1_2b8bb03f-fea1-47a8-aa01-4ad6fdf6f425,64ca1b2b-483f-4c30-96a1-a146d88624c1,-500.21754552,-2.48780615,0.004583,0.8385999999999998,-1.6584,-2.497,-18.1469,0.8382000000000001,-1.6583,-2.4965,-18.1469,20.92505447999997,1.4946467485714265,-3.73296675761194,1.1938999999999993,2.032499999999999,1.1943999999999981,2.0325999999999986,0.8382000000000001,0.8385999999999998,-2.497,-2.4965,-1.6584,-1.6583,1.1938999999999993,1.1943999999999981,2.032499999999999,2.0325999999999986
GaSe_In4Ga63Se67S3_f43e04c6-427d-450f-91c3-e8afc56675b4,16940db5-86ad-4902-91ce-4337f46126e2,-516.70262718,-2.52234982,0.4795012,0.7021999999999999,-1.8996,-2.6018,-18.2086,0.6425999999999998,-1.8994,-2.542,-18.2086,15.867972819999864,1.1334266299999902,-3.771552023211679,1.1508000000000003,1.8530000000000015,1.2106000000000012,1.853200000000001,0.6425999999999998,0.7021999999999999,-2.6018,-2.542,-1.8996,-1.8994,1.1508000000000003,1.2106000000000012,1.8530000000000015,1.853200000000001
GaSe_In5Ga62Se68S3_e59d4c4b-b9ac-4f1d-a542-e09e3e564295,bf4b009e-4d12-4511-b687-5f5238fa20af,-520.66298362,-2.50838617,0.5674882,0.9145,-1.6898,-2.6043,-18.2901,0.8515999999999997,-1.6887,-2.5403,-18.2901,15.081616380000014,1.0772583128571438,-3.77292017115942,1.2297999999999991,2.1442999999999977,1.2937999999999992,2.1453999999999986,0.8515999999999997,0.9145,-2.6043,-2.5403,-1.6898,-1.6887,1.2297999999999991,1.2937999999999992,2.1442999999999977,2.1453999999999986
GaSe_In5Ga64Se66S4_e5ba8fb4-2cc4-4309-828d-46e6ab8fbb6f,7c391374-883e-4f18-b886-77032283a9cf,-525.5902001,-2.41995794,0.1330719,0.5345,-1.9097,-2.4442,-18.1477,0.5294000000000001,-1.9096,-2.439,-18.1477,13.36339989999999,0.9545285642857136,-3.7812244611510786,1.2475000000000005,1.782,1.2527000000000008,1.7820999999999998,0.5294000000000001,0.5345,-2.4442,-2.439,-1.9097,-1.9096,1.2475000000000005,1.2527000000000008,1.782,1.7820999999999998
GaSe_In2Ga66Se64S4_beea648a-343a-482c-b543-a1c08b2dd953,eccfc6f0-d1fe-4d65-bdee-30eff0517ee0,-512.70137765,-2.19111354,0.0002388,0.2360999999999999,-1.7182,-1.9543,-18.4927,0.2360999999999999,-1.7182,-1.9543,-18.4927,17.18922234999991,1.227801596428565,-3.7698630709558825,2.0824,2.3185000000000002,2.0824,2.3185000000000002,0.2360999999999999,0.2360999999999999,-1.9543,-1.9543,-1.7182,-1.7182,2.0824,2.0824,2.3185000000000002,2.3185000000000002
GaSe_In4Ga63Se67S4_0b02f762-1b0f-4f77-95b6-5935963710c9,ce23515c-6d3f-42d8-9fd8-384086271e1a,-522.92840461,-2.66167781,1.2877276,1.2655999999999998,-1.4054,-2.671,-18.2772,1.2157000000000002,-1.4037,-2.6194,-18.2771,13.769195389999936,0.9835139564285669,-3.7893362652898555,1.1502000000000017,2.415800000000001,1.2017000000000007,2.4174000000000007,1.2157000000000002,1.2655999999999998,-2.671,-2.6194,-1.4054,-1.4037,1.1502000000000017,1.2017000000000007,2.415800000000001,2.4174000000000007
GaSe_In3Ga68Se62S5_19da766a-ad57-4af6-8ba6-6fb50bbe72d2,d422fdc9-febf-437e-b586-ef5d0e5b5681,-520.97785283,-2.33222549,0.7785989,0.5218,-1.9001,-2.4219,-18.1281,0.3489,-1.8984,-2.2473,-18.1274,14.836747169999967,1.0597676549999977,-3.775201832101449,1.2501999999999995,1.772000000000002,1.4241000000000028,1.7730000000000032,0.3489,0.5218,-2.4219,-2.2473,-1.9001,-1.8984,1.2501999999999995,1.4241000000000028,1.772000000000002,1.7730000000000032
GaSe_In5Ga65Se65S5_e5e79651-3e1d-4576-8631-c8ce3172123b,0af5aaf2-ede8-4ff7-9421-a68024518a3e,-532.65899258,-2.23201877,0.0005549,0.6455000000000002,-1.3515,-1.997,-18.0265,0.6455000000000002,-1.3515,-1.997,-18.0265,9.962607419999927,0.7116148157142804,-3.804707089857143,1.5734999999999992,2.2189999999999976,1.5734999999999992,2.2189999999999976,0.6455000000000002,0.6455000000000002,-1.997,-1.997,-1.3515,-1.3515,1.5734999999999992,1.5734999999999992,2.2189999999999976,2.2189999999999976
GaSe_In4Ga65Se65S3_4fc3d794-2f6d-4d02-af19-6301bffce445,41dd9476-7498-4cc3-9da6-4e53af6d5c81,-514.33173344,-2.09460392,0.9485823,0.4569000000000001,-1.7759,-2.2328,-18.2303,0.2225999999999999,-1.7338,-1.9564,-18.2293,17.3208665599999,1.2372047542857072,-3.754246229489051,1.5414999999999992,1.9984000000000002,1.8169000000000004,2.0395000000000003,0.2225999999999999,0.4569000000000001,-2.2328,-1.9564,-1.7759,-1.7338,1.5414999999999992,1.8169000000000004,1.9984000000000002,2.0395000000000003
GaSe_In4Ga67Se63S4_54f34b3d-541a-4e42-9877-c4044e9f230e,ce908fae-b521-46e9-b5d1-d578a1176046,-518.60019008,-2.3557514,0.0002755,0.6099999999999999,-1.7639,-2.3739,-18.068,0.6099999999999999,-1.7639,-2.3739,-18.068,16.261409920000006,1.1615292800000003,-3.7579723918840577,1.2381000000000029,1.8481000000000023,1.2381000000000029,1.8481000000000023,0.6099999999999999,0.6099999999999999,-2.3739,-2.3739,-1.7639,-1.7639,1.2381000000000029,1.2381000000000029,1.8481000000000023,1.8481000000000023
GaSe_In3Ga68Se62S5_29028498-f73e-46c4-8012-4b4827cbc3ee,d422fdc9-febf-437e-b586-ef5d0e5b5681,-522.11108407,-2.23997661,0.394178,0.5610999999999997,-1.7151,-2.2762,-17.8112,0.4916000000000002,-1.7122,-2.2038,-17.811,13.70351592999998,0.97882256642857,-3.7834136526811593,1.0790000000000006,1.6401000000000003,1.1511999999999993,1.6428000000000011,0.4916000000000002,0.5610999999999997,-2.2762,-2.2038,-1.7151,-1.7122,1.0790000000000006,1.1511999999999993,1.6401000000000003,1.6428000000000011
GaSe_In2Ga66Se64S5_9207b950-07c9-414d-bba4-c01d56b82a73,5040b371-7c47-48af-b915-4bf9d213852e,-517.26301777,-2.13569619,0.000123,0.6757000000000002,-1.7989,-2.4746,-18.234,0.6757000000000002,-1.7989,-2.4746,-18.234,16.75458222999987,1.1967558735714192,-3.7756424654744527,1.3034000000000017,1.9791000000000025,1.3034000000000017,1.9791000000000025,0.6757000000000002,0.6757000000000002,-2.4746,-2.4746,-1.7989,-1.7989,1.3034000000000017,1.3034000000000017,1.9791000000000025,1.9791000000000025
GaSe_In3Ga67Se63S5_44f95f08-acbb-4922-aa05-9cdd2eb87109,d8e9827a-da1c-4662-8473-478a438fe786,-523.45769239,-1.97691689,0.0001833,0.6815999999999998,-1.6361,-2.3177,-17.9712,0.6815999999999998,-1.6361,-2.3177,-17.9712,12.815907609999954,0.9154219721428538,-3.7931716839855074,1.1974999999999998,1.879100000000001,1.1974999999999998,1.879100000000001,0.6815999999999998,0.6815999999999998,-2.3177,-2.3177,-1.6361,-1.6361,1.1974999999999998,1.1974999999999998,1.879100000000001,1.879100000000001
GaSe_In3Ga66Se64S4_d9ad537b-85f2-4477-bd54-18457006cba5,812588ab-2568-44ee-ad27-dfc4b7ae9294,-515.57034339,-2.39101367,0.1431385,0.6312999999999998,-1.7775,-2.4088,-18.199,0.6081000000000003,-1.7771,-2.3852,-18.1988,17.035256610000033,1.216804043571431,-3.7632871780291968,1.3342000000000027,1.9655000000000022,1.357599999999998,1.9656999999999982,0.6081000000000003,0.6312999999999998,-2.4088,-2.3852,-1.7775,-1.7771,1.3342000000000027,1.357599999999998,1.9655000000000022,1.9656999999999982
GaSe_In5Ga65Se65S4_0049538e-4816-45d6-ae66-829eac3f39a4,3472d43c-8ebe-4164-b4eb-f82e2b99f7af,-526.3090122,-2.06600328,0.0002779,0.9031999999999998,-1.6148,-2.518,-18.1806,0.9031999999999998,-1.6148,-2.518,-18.1806,12.185587800000008,0.8703991285714291,-3.7863957712230216,1.2065999999999981,2.1098,1.2065999999999981,2.1098,0.9031999999999998,0.9031999999999998,-2.518,-2.518,-1.6148,-1.6148,1.2065999999999981,1.2065999999999981,2.1098,2.1098
GaSe_In4Ga66Se64S4_fc24fbad-d442-498c-84a3-7b408a8ef4d9,8b50cba8-3be5-454b-9039-efa54f4b1c47,-521.6945241,-2.35794244,0.0003739,0.3245999999999998,-1.8809,-2.2055,-18.0975,0.3245999999999998,-1.8809,-2.2055,-18.0975,13.626075899999933,0.9732911357142809,-3.780395102173913,1.436,1.7606000000000002,1.436,1.7606000000000002,0.3245999999999998,0.3245999999999998,-2.2055,-2.2055,-1.8809,-1.8809,1.436,1.436,1.7606000000000002,1.7606000000000002
GaSe_In2Ga66Se64S5_82a1f39e-b815-45d6-b274-7fb826c1e7dc,5040b371-7c47-48af-b915-4bf9d213852e,-518.09079087,-2.42185866,0.0262696,0.5261,-1.8548,-2.3809,-18.1251,0.5221999999999998,-1.8542,-2.3764,-18.1251,15.926809129999924,1.1376292235714232,-3.781684604890511,1.2881999999999998,1.8142999999999994,1.2927,1.8149000000000015,0.5221999999999998,0.5261,-2.3809,-2.3764,-1.8548,-1.8542,1.2881999999999998,1.2927,1.8142999999999994,1.8149000000000015
GaSe_In3Ga67Se63S4_3abf72e8-7880-4018-809d-89b668844784,db2cd71c-aba5-4d02-8d90-660edcb84d23,-516.65922956,-2.11739718,0.0003131,0.8178000000000001,-1.7092,-2.527,-17.9427,0.8178000000000001,-1.7092,-2.527,-17.9427,15.48737043999995,1.1062407457142822,-3.7712352522627737,0.959699999999998,1.7774999999999999,0.959699999999998,1.7774999999999999,0.8178000000000001,0.8178000000000001,-2.527,-2.527,-1.7092,-1.7092,0.959699999999998,0.959699999999998,1.7774999999999999,1.7774999999999999
GaSe_In5Ga62Se68S3_f46b25c0-668a-4b92-b953-d324ac4d4bde,bf4b009e-4d12-4511-b687-5f5238fa20af,-519.02981663,-2.61616356,2.7567111,1.3582000000000003,-1.3679,-2.7261,-18.2508,1.1253999999999995,-1.364,-2.4894,-18.2509,16.714783369999964,1.1939130978571402,-3.7610856277536233,1.0687000000000015,2.4269000000000034,1.305500000000002,2.430900000000001,1.1253999999999995,1.3582000000000003,-2.7261,-2.4894,-1.3679,-1.364,1.0687000000000015,1.305500000000002,2.4269000000000034,2.430900000000001
GaSe_In4Ga64Se66S3_772d1db2-b1c3-43f6-a840-f25a92e608bb,e8a44c84-8e77-4f91-aced-73ff0380ed32,-515.09771858,-2.17885355,0.0002038,0.7150000000000001,-1.8214,-2.5364,-18.2593,0.7150000000000001,-1.8214,-2.5364,-18.2593,17.01388141999996,1.2152772442857116,-3.75983736189781,1.2668999999999997,1.9818999999999996,1.2668999999999997,1.9818999999999996,0.7150000000000001,0.7150000000000001,-2.5364,-2.5364,-1.8214,-1.8214,1.2668999999999997,1.2668999999999997,1.9818999999999996,1.9818999999999996
GaSe_In3Ga64Se62S5_67f8690f-4a31-48b0-9acb-b7c49f2ce7b5,6aaf0644-68a4-4d8e-91ff-caa828ea0c59,-504.05676328,-1.86949053,0.749138,0.0564999999999999,-1.5627,-1.6192,-17.9825,0.0570999999999999,-1.5583,-1.6154,-17.9825,19.637836719999996,1.0909909288888886,-3.76161763641791,1.9073000000000029,1.9638000000000027,1.9111000000000011,1.968200000000003,0.0564999999999999,0.0570999999999999,-1.6192,-1.6154,-1.5627,-1.5583,1.9073000000000029,1.9111000000000011,1.9638000000000027,1.968200000000003
GaSe_In5Ga62Se64S4_9b300f03-622a-425d-af66-64929a7dc4db,13ba1914-e741-426c-b5f1-ecf9c34e9e2e,-504.36341491,-2.46029944,0.5945949,0.6686000000000003,-1.8677,-2.5363,-18.3942,0.5555999999999999,-1.8675,-2.4231,-18.3942,21.552185089999966,1.1973436161111093,-3.73602529562963,1.4019000000000013,2.0705000000000027,1.5151000000000021,2.070700000000002,0.5555999999999999,0.6686000000000003,-2.5363,-2.4231,-1.8677,-1.8675,1.4019000000000013,1.5151000000000021,2.0705000000000027,2.070700000000002
GaSe_In5Ga64Se62S5_9fc34c13-f770-47ed-a272-679403589732,8c52ab81-0e8d-4cd5-beed-70a5b2fb7cb5,-511.48526158,-2.58557497,0.000982,0.8001999999999998,-1.8325,-2.6327,-18.1365,0.8001999999999998,-1.8325,-2.6327,-18.1365,17.639338419999945,0.9799632455555525,-3.7609210410294116,1.0478000000000023,1.8480000000000025,1.0478000000000023,1.8480000000000025,0.8001999999999998,0.8001999999999998,-2.6327,-2.6327,-1.8325,-1.8325,1.0478000000000023,1.0478000000000023,1.8480000000000025,1.8480000000000025
GaSe_In5Ga63Se63S4_47969c9b-d3d3-4b3a-81c7-fc08304f906b,d7946a7f-93a6-451c-bec8-b4082ea6945a,-504.60139231,-2.24250631,0.00018,0.2316,-1.7643,-1.9959,-18.1485,0.2316,-1.7643,-1.9959,-18.1485,20.85520768999993,1.1586226494444405,-3.7377880911851853,1.6966,1.9282000000000004,1.6966,1.9282000000000004,0.2316,0.2316,-1.9959,-1.9959,-1.7643,-1.7643,1.6966,1.6966,1.9282000000000004,1.9282000000000004
GaSe_In3Ga64Se62S5_9956981f-5fd4-4319-ba6e-598c59d8c9aa,6aaf0644-68a4-4d8e-91ff-caa828ea0c59,-503.56077139,-2.51750346,0.0007573,0.8268000000000002,-1.7095,-2.5363,-18.5424,0.8267,-1.7095,-2.5362,-18.5424,20.13382860999991,1.118546033888884,-3.757916204402985,1.5501000000000005,2.3769000000000027,1.5502000000000002,2.3769000000000027,0.8267,0.8268000000000002,-2.5363,-2.5362,-1.7095,-1.7095,1.5501000000000005,1.5502000000000002,2.3769000000000027,2.3769000000000027
GaSe_In3Ga64Se62S5_90e8730a-398a-4440-9ecb-4f601fb1c78c,6aaf0644-68a4-4d8e-91ff-caa828ea0c59,-500.3549957,-2.46356812,0.1087976,0.7095999999999998,-1.7842,-2.4938,-18.1829,0.7080000000000002,-1.7841,-2.4921,-18.1829,23.339604299999905,1.296644683333328,-3.7339925052238807,1.2331000000000003,1.942700000000002,1.2348,1.9428000000000019,0.7080000000000002,0.7095999999999998,-2.4938,-2.4921,-1.7842,-1.7841,1.2331000000000003,1.2348,1.942700000000002,1.9428000000000019
GaSe_In5Ga63Se63S4_f7e72bac-090a-4b5e-aed6-7877908bd540,d7946a7f-93a6-451c-bec8-b4082ea6945a,-505.24462112,-2.32706417,0.6242198,0.6538999999999999,-1.6897,-2.3436,-17.9089,0.5327999999999999,-1.6888,-2.2216,-17.9089,20.211978879999947,1.1228877155555526,-3.7425527490370367,1.1092999999999993,1.7632000000000012,1.2312999999999992,1.7640999999999991,0.5327999999999999,0.6538999999999999,-2.3436,-2.2216,-1.6897,-1.6888,1.1092999999999993,1.2312999999999992,1.7632000000000012,1.7640999999999991
GaSe_In5Ga62Se64S5_f6560af1-1642-4ab3-9a54-42f80e91040b,98a346cf-2b9d-4392-8403-bd492ac02b17,-512.9975983,-2.33671612,0.7296764,0.6469,-1.77,-2.4169,-17.9564,0.4921,-1.7678,-2.2599,-17.9563,17.04500169999983,0.9469445388888794,-3.7720411639705884,1.083499999999999,1.7303999999999995,1.2403999999999993,1.7324999999999982,0.4921,0.6469,-2.4169,-2.2599,-1.77,-1.7678,1.083499999999999,1.2403999999999993,1.7303999999999995,1.7324999999999982
GaSe_In5Ga64Se62S5_28f373ec-aab1-4bfb-b0ea-f0e45641b715,8c52ab81-0e8d-4cd5-beed-70a5b2fb7cb5,-510.75389509,-2.47260827,0.0123666,0.5628,-1.9222,-2.485,-17.8023,0.5611000000000002,-1.9221,-2.4832,-17.8023,18.370704909999972,1.0205947172222207,-3.75554334625,0.8613,1.4240999999999993,0.8630999999999993,1.424199999999999,0.5611000000000002,0.5628,-2.485,-2.4832,-1.9222,-1.9221,0.8613,0.8630999999999993,1.4240999999999993,1.424199999999999
GaSe_In4Ga63Se63S4_e0859606-7507-490c-b7cc-1cc51e43180a,8f9a01e9-b2bc-44ec-99a8-bb818d3bbb79,-500.29141595,-2.44380095,0.7646721,0.7757000000000001,-1.7527,-2.5284,-18.0757,0.6080999999999999,-1.7517,-2.3598,-18.0757,22.45018404999996,1.24723244722222,-3.733518029477612,1.0913000000000022,1.8670000000000009,1.2599000000000018,1.868000000000002,0.6080999999999999,0.7757000000000001,-2.5284,-2.3598,-1.7527,-1.7517,1.0913000000000022,1.2599000000000018,1.8670000000000009,1.868000000000002
GaSe_In5Ga62Se64S5_5c29447c-90be-4ff6-82fd-2e5a928cdbeb,98a346cf-2b9d-4392-8403-bd492ac02b17,-511.7933873,-2.40367139,0.7167408,0.6397000000000002,-1.8576,-2.4973,-18.2391,0.5171999999999999,-1.8571,-2.3743,-18.2391,18.24921269999993,1.013845149999996,-3.7631866713235294,1.2858000000000018,1.9254999999999995,1.4088000000000012,1.926000000000002,0.5171999999999999,0.6397000000000002,-2.4973,-2.3743,-1.8576,-1.8571,1.2858000000000018,1.4088000000000012,1.9254999999999995,1.926000000000002
GaSe_In5Ga62Se64S5_513c52bb-a161-4e75-9170-d788a660e1f1,98a346cf-2b9d-4392-8403-bd492ac02b17,-513.67023218,-2.46848785,0.1260003,0.6573,-1.8433,-2.5006,-17.972,0.6402000000000001,-1.8432,-2.4834,-17.972,16.37236781999991,0.9095759899999949,-3.7769870013235294,1.0154000000000014,1.6727000000000025,1.0326000000000022,1.6728000000000023,0.6402000000000001,0.6573,-2.5006,-2.4834,-1.8433,-1.8432,1.0154000000000014,1.0326000000000022,1.6727000000000025,1.6728000000000023
GaSe_In5Ga62Se64S3_5f076535-81d4-41dc-87d1-b40995255554,c46015f0-5c90-4a87-9b7c-10681778dbbd,-500.45206295,-2.48095189,0.5300255,0.7292000000000001,-1.8163,-2.5455,-18.2931,0.6609999999999998,-1.8158,-2.4768,-18.2931,21.336537049999947,1.1853631694444415,-3.7347168876865675,1.291599999999999,2.0207999999999977,1.3602999999999987,2.0213,0.6609999999999998,0.7292000000000001,-2.5455,-2.4768,-1.8163,-1.8158,1.291599999999999,1.3602999999999987,2.0207999999999977,2.0213
GaSe_In5Ga62Se64S5_c068602f-119f-4201-9ec7-12c5704bc609,98a346cf-2b9d-4392-8403-bd492ac02b17,-511.20228179,-2.52315225,0.4618562,0.7654000000000001,-1.8188,-2.5842,-18.2122,0.7162999999999999,-1.8186,-2.5349,-18.2122,18.840318209999964,1.046684344999998,-3.7588403072794114,1.1720000000000006,1.9374000000000002,1.2212999999999994,1.9375999999999998,0.7162999999999999,0.7654000000000001,-2.5842,-2.5349,-1.8188,-1.8186,1.1720000000000006,1.2212999999999994,1.9374000000000002,1.9375999999999998
GaSe_In4Ga64Se62S5_959c695a-6314-4230-b3d0-9ccc8eee045f,1646f6af-5b7d-4ccf-b7a9-8950cc01d07d,-506.63516581,-2.26193053,0.0003773,0.1697999999999999,-1.8817,-2.0515,-18.1122,0.1697999999999999,-1.8817,-2.0515,-18.1122,19.774434189999965,1.0985796772222203,-3.752853080074074,1.6047000000000011,1.7745000000000033,1.6047000000000011,1.7745000000000033,0.1697999999999999,0.1697999999999999,-2.0515,-2.0515,-1.8817,-1.8817,1.6047000000000011,1.6047000000000011,1.7745000000000033,1.7745000000000033
GaSe_In5Ga62Se64S3_5521fc83-9b38-4d97-8e62-2b65f93b9c5e,c46015f0-5c90-4a87-9b7c-10681778dbbd,-497.68981382,-2.52365391,0.5555998,0.4024999999999998,-2.1981,-2.6006,-18.2037,0.3317000000000001,-2.1972,-2.5289,-18.2037,24.098786179999934,1.3388214544444408,-3.714103088208955,1.1471000000000018,1.5496000000000016,1.2188000000000017,1.550500000000003,0.3317000000000001,0.4024999999999998,-2.6006,-2.5289,-2.1981,-2.1972,1.1471000000000018,1.2188000000000017,1.5496000000000016,1.550500000000003
GaSe_In5Ga62Se64S4_122155f2-7696-4b64-8160-1d162e947996,13ba1914-e741-426c-b5f1-ecf9c34e9e2e,-505.40990979,-2.53421971,0.1312294,0.687,-1.8957,-2.5827,-18.1649,0.681,-1.8956,-2.5766,-18.1648,20.50569021000001,1.1392050116666672,-3.7437771095555554,1.1262000000000008,1.8131999999999984,1.132200000000001,1.8131999999999984,0.681,0.687,-2.5827,-2.5766,-1.8957,-1.8956,1.1262000000000008,1.132200000000001,1.8131999999999984,1.8131999999999984
GaSe_In4Ga64Se62S5_05bb7532-7094-4b75-9b4e-18061e495553,1646f6af-5b7d-4ccf-b7a9-8950cc01d07d,-508.02059563,-2.2641479,6.35e-05,0.1143,-1.935,-2.0493,-17.8986,0.1143,-1.935,-2.0493,-17.8986,18.389004369999952,1.0216113538888862,-3.7631155231851854,1.3932999999999982,1.5075999999999983,1.3932999999999982,1.5075999999999983,0.1143,0.1143,-2.0493,-2.0493,-1.935,-1.935,1.3932999999999982,1.3932999999999982,1.5075999999999983,1.5075999999999983
GaSe_In5Ga62Se64S5_0ff383f5-b73f-4ba8-9c08-c3c83a05ed7b,98a346cf-2b9d-4392-8403-bd492ac02b17,-512.44165049,-2.45032135,0.55248,0.8940000000000001,-1.6326,-2.5266,-17.9573,0.7854000000000003,-1.632,-2.4174,-17.9574,17.60094950999985,0.9778305283333251,-3.767953312426471,0.9747000000000003,1.8687000000000005,1.0839999999999996,1.8693999999999988,0.7854000000000003,0.8940000000000001,-2.5266,-2.4174,-1.6326,-1.632,0.9747000000000003,1.0839999999999996,1.8687000000000005,1.8693999999999988
GaSe_In3Ga64Se62S5_8194d59b-fb75-43d4-8238-68da7e8a4a42,6aaf0644-68a4-4d8e-91ff-caa828ea0c59,-505.03393905,-2.53952807,0.0033591,0.7367000000000001,-1.8334,-2.5701,-18.2815,0.7364000000000002,-1.8331,-2.5695,-18.2815,18.660660949999965,1.0367033861111092,-3.768909992910448,1.2554000000000016,1.9921000000000006,1.256000000000002,1.9924,0.7364000000000002,0.7367000000000001,-2.5701,-2.5695,-1.8334,-1.8331,1.2554000000000016,1.256000000000002,1.9921000000000006,1.9924
GaSe_In5Ga63Se63S5_2e092322-ae67-416b-aa8d-dee1b5a4c294,c2adcf40-90d5-44fe-b408-3433ef52b544,-510.3484952,-2.08653213,0.0001794,0.6970999999999998,-1.738,-2.4351,-18.3775,0.6970999999999998,-1.738,-2.4351,-18.3775,19.23510479999993,1.0686169333333295,-3.7525624647058824,1.4864000000000015,2.183500000000002,1.4864000000000015,2.183500000000002,0.6970999999999998,0.6970999999999998,-2.4351,-2.4351,-1.738,-1.738,1.4864000000000015,1.4864000000000015,2.183500000000002,2.183500000000002
GaSe_In5Ga62Se64S4_b064bef1-6e5e-4961-8fa2-c3dc424fce5d,13ba1914-e741-426c-b5f1-ecf9c34e9e2e,-504.91494055,-2.43512621,0.8615419,0.7049999999999998,-1.856,-2.561,-18.1711,0.5091999999999999,-1.8546,-2.3638,-18.1711,21.000659449999944,1.1667033027777747,-3.7401106707407408,1.1540999999999997,1.859099999999998,1.3513000000000002,1.8604999999999983,0.5091999999999999,0.7049999999999998,-2.561,-2.3638,-1.856,-1.8546,1.1540999999999997,1.3513000000000002,1.859099999999998,1.8604999999999983
GaSe_In5Ga62Se64S5_81dc1763-51d0-415a-b345-54c885797848,98a346cf-2b9d-4392-8403-bd492ac02b17,-510.97362943,-2.68132843,2.1053147,1.259,-1.4741,-2.7331,-18.1686,1.1844,-1.4711,-2.6555,-18.1686,19.06897056999992,1.0593872538888844,-3.7571590399264707,0.9795000000000016,2.238500000000002,1.057100000000002,2.241500000000002,1.1844,1.259,-2.7331,-2.6555,-1.4741,-1.4711,0.9795000000000016,1.057100000000002,2.238500000000002,2.241500000000002
GaSe_In5Ga62Se64S3_3fea4698-cdc7-4af9-84f9-342ed2c46a81,c46015f0-5c90-4a87-9b7c-10681778dbbd,-497.25372341,-2.16270736,0.9041972,0.2286000000000001,-1.7308,-1.9594,-18.3509,0.2243999999999999,-1.7293,-1.9537,-18.3508,24.534876589999953,1.363048699444442,-3.7108486821641793,1.935500000000001,2.1641000000000012,1.9410999999999987,2.1655000000000015,0.2243999999999999,0.2286000000000001,-1.9594,-1.9537,-1.7308,-1.7293,1.935500000000001,1.9410999999999987,2.1641000000000012,2.1655000000000015
GaSe_In5Ga62Se64S4_6046ad2d-4ffd-4403-b2fb-ef7edaa2861c,13ba1914-e741-426c-b5f1-ecf9c34e9e2e,-504.78655669,-2.54690319,0.0019962,0.7039,-1.8805,-2.5844,-18.1621,0.7037999999999998,-1.8805,-2.5843,-18.1621,21.12904330999993,1.1738357394444405,-3.7391596791851853,1.1216999999999988,1.825599999999998,1.1218000000000004,1.825599999999998,0.7037999999999998,0.7039,-2.5844,-2.5843,-1.8805,-1.8805,1.1216999999999988,1.1218000000000004,1.825599999999998,1.825599999999998
GaSe_In5Ga63Se63S5_8ee750d9-45dc-41dc-8117-b01f43dabe26,c2adcf40-90d5-44fe-b408-3433ef52b544,-513.18874416,-2.17862165,0.0002343,0.1134999999999999,-1.7941,-1.9076,-17.9871,0.1134999999999999,-1.7941,-1.9076,-17.9871,16.394855839999877,0.9108253244444376,-3.7734466482352946,1.6235000000000035,1.7370000000000019,1.6235000000000035,1.7370000000000019,0.1134999999999999,0.1134999999999999,-1.9076,-1.9076,-1.7941,-1.7941,1.6235000000000035,1.6235000000000035,1.7370000000000019,1.7370000000000019
GaSe_In5Ga63Se63S5_1294490c-d855-49b9-848e-488e04c9b520,c2adcf40-90d5-44fe-b408-3433ef52b544,-510.17256325,-2.47454301,1.178706,0.6261999999999999,-1.8834,-2.5096,-18.1706,0.5413000000000001,-1.8817,-2.423,-18.1707,19.411036749999994,1.0783909305555552,-3.7512688474264704,1.2050000000000018,1.831199999999999,1.2917000000000005,1.833000000000002,0.5413000000000001,0.6261999999999999,-2.5096,-2.423,-1.8834,-1.8817,1.2050000000000018,1.2917000000000005,1.831199999999999,1.833000000000002
GaSe_In5Ga62Se64S3_55550dfb-b7cd-411e-bde4-a82ca183f632,c46015f0-5c90-4a87-9b7c-10681778dbbd,-499.49183067,-2.41604165,0.0240107,0.6799999999999997,-1.7551,-2.4351,-18.3247,0.6766000000000001,-1.7551,-2.4317,-18.3247,22.29676932999996,1.23870940722222,-3.7275509751492537,1.4336000000000002,2.1136000000000017,1.4370000000000012,2.1136000000000017,0.6766000000000001,0.6799999999999997,-2.4351,-2.4317,-1.7551,-1.7551,1.4336000000000002,1.4370000000000012,2.1136000000000017,2.1136000000000017
GaSe_In5Ga63Se63S5_2fc0111b-8e26-4bb3-b6cb-e85eb89f05f3,c2adcf40-90d5-44fe-b408-3433ef52b544,-513.67273884,-2.16212888,0.0003237,0.3151999999999999,-1.6689,-1.9841,-17.8263,0.3151999999999999,-1.6689,-1.9841,-17.8263,15.910861159999968,0.8839367311111093,-3.7770054326470586,1.3862000000000005,1.7013999999999996,1.3862000000000005,1.7013999999999996,0.3151999999999999,0.3151999999999999,-1.9841,-1.9841,-1.6689,-1.6689,1.3862000000000005,1.3862000000000005,1.7013999999999996,1.7013999999999996
GaSe_In5Ga64Se62S5_58865283-23f9-4a99-b435-3261f7fae352,8c52ab81-0e8d-4cd5-beed-70a5b2fb7cb5,-511.01248128,-2.16246377,0.9878044,0.7691000000000001,-1.571,-2.3401,-18.2082,0.4162999999999999,-1.5685,-1.9848,-18.2078,18.112118720000012,1.0062288177777785,-3.7574447152941173,1.4121000000000024,2.1812000000000005,1.7669999999999995,2.183299999999999,0.4162999999999999,0.7691000000000001,-2.3401,-1.9848,-1.571,-1.5685,1.4121000000000024,1.7669999999999995,2.1812000000000005,2.183299999999999
GaSe_In4Ga63Se63S5_376154b8-9a34-4962-913d-56221c0b7a36,3b9744ab-ad0a-4d37-a7b2-810df6c5542c,-507.42244064,-2.52643842,0.1843447,0.7118,-1.8492,-2.561,-18.1048,0.688,-1.8492,-2.5372,-18.1048,19.44615935999991,1.0803421866666616,-3.7586847454814816,1.0878000000000014,1.7996000000000016,1.111600000000001,1.7996000000000016,0.688,0.7118,-2.561,-2.5372,-1.8492,-1.8492,1.0878000000000014,1.111600000000001,1.7996000000000016,1.7996000000000016
GaSe_In5Ga64Se62S5_c63f383d-f06f-4fa6-951b-fd2df7092bc2,8c52ab81-0e8d-4cd5-beed-70a5b2fb7cb5,-510.62629766,-2.34107387,0.818608,0.7543,-1.6828,-2.4371,-18.1761,0.5663999999999998,-1.6791,-2.2455,-18.1761,18.49830234000001,1.0276834633333338,-3.754605129852941,1.2830000000000013,2.037300000000002,1.4746000000000024,2.0410000000000004,0.5663999999999998,0.7543,-2.4371,-2.2455,-1.6828,-1.6791,1.2830000000000013,1.4746000000000024,2.037300000000002,2.0410000000000004
GaSe_In4Ga64Se62S5_bda97a65-06a6-477d-bb48-7ffe9ae4f228,1646f6af-5b7d-4ccf-b7a9-8950cc01d07d,-504.54333035,-2.226025,0.0001132,0.5699000000000001,-1.9415,-2.5114,-18.2565,0.5699000000000001,-1.9415,-2.5114,-18.2565,21.866269649999936,1.2147927583333298,-3.7373580025925928,1.2890999999999995,1.8589999999999982,1.2890999999999995,1.8589999999999982,0.5699000000000001,0.5699000000000001,-2.5114,-2.5114,-1.9415,-1.9415,1.2890999999999995,1.2890999999999995,1.8589999999999982,1.8589999999999982
GaSe_In4Ga64Se62S5_110f69ce-6792-484f-b6f5-3d09d25ad687,1646f6af-5b7d-4ccf-b7a9-8950cc01d07d,-508.05632293,-2.12111793,0.000225,0.8128,-1.7148,-2.5276,-17.9494,0.8129000000000002,-1.7147,-2.5276,-17.9494,18.353277069999876,1.019626503888882,-3.763380169851852,0.9658000000000015,1.7786000000000008,0.9658000000000015,1.7787000000000006,0.8128,0.8129000000000002,-2.5276,-2.5276,-1.7148,-1.7147,0.9658000000000015,0.9658000000000015,1.7786000000000008,1.7787000000000006
GaSe_In5Ga62Se64S3_09e2b5df-ec6d-4854-9fbf-0b409e9d2a4b,c46015f0-5c90-4a87-9b7c-10681778dbbd,-501.61885236,-2.57077001,0.5264024,0.7484999999999999,-1.8883,-2.6368,-18.2551,0.7002999999999999,-1.8866,-2.5869,-18.255,20.16974763999997,1.120541535555554,-3.7434242713432835,1.1622999999999983,1.9107999999999983,1.2120999999999995,1.912399999999998,0.7002999999999999,0.7484999999999999,-2.6368,-2.5869,-1.8883,-1.8866,1.1622999999999983,1.2120999999999995,1.9107999999999983,1.912399999999998
GaSe_In5Ga64Se62S5_a4336551-e461-49a0-93c0-a09b6b91c4b2,8c52ab81-0e8d-4cd5-beed-70a5b2fb7cb5,-510.97231844,-2.52762717,0.2699909,0.9574999999999998,-1.61,-2.5675,-18.0949,0.9463,-1.6097,-2.556,-18.095,18.152281560000006,1.008460086666667,-3.7571494002941175,1.0714000000000006,2.0289,1.0829999999999984,2.029299999999999,0.9463,0.9574999999999998,-2.5675,-2.556,-1.61,-1.6097,1.0714000000000006,1.0829999999999984,2.0289,2.029299999999999
GaSe_In5Ga62Se64S3_d575893b-8ed7-4646-8e32-3c6fc92751b7,c46015f0-5c90-4a87-9b7c-10681778dbbd,-498.48025218,-2.45724155,0.8812637,0.8280000000000001,-1.7507,-2.5787,-18.2204,0.6209,-1.7491,-2.37,-18.2205,23.308347819999994,1.294908212222222,-3.7200018819402985,1.1857000000000024,2.0137000000000036,1.3945000000000007,2.015400000000003,0.6209,0.8280000000000001,-2.5787,-2.37,-1.7507,-1.7491,1.1857000000000024,1.3945000000000007,2.0137000000000036,2.015400000000003
GaSe_In5Ga62Se64S5_c6bcb831-e1d9-4a0d-a9f9-e89c0261f5fc,98a346cf-2b9d-4392-8403-bd492ac02b17,-511.91467537,-2.57199077,0.7519409,1.0704,-1.5876,-2.658,-18.0954,0.9388,-1.5861,-2.5249,-18.0955,18.12792462999994,1.0071069238888855,-3.764078495367647,0.9814000000000025,2.0518000000000036,1.1146000000000011,2.0534,0.9388,1.0704,-2.658,-2.5249,-1.5876,-1.5861,0.9814000000000025,1.1146000000000011,2.0518000000000036,2.0534
GaSe_In5Ga63Se63S5_8c7e3e8c-2bd5-4cea-8995-44b5edb8f18a,c2adcf40-90d5-44fe-b408-3433ef52b544,-516.08158475,-2.16541827,0.0002059,0.8338999999999999,-1.7485,-2.5824,-18.1775,0.8338999999999999,-1.7485,-2.5824,-18.1775,13.502015249999886,0.750111958333327,-3.794717534926471,1.1390999999999991,1.972999999999999,1.1390999999999991,1.972999999999999,0.8338999999999999,0.8338999999999999,-2.5824,-2.5824,-1.7485,-1.7485,1.1390999999999991,1.1390999999999991,1.972999999999999,1.972999999999999
GaSe_In4Ga64Se62S5_e7cbb315-cf8b-41c5-87e0-aea460919bb4,1646f6af-5b7d-4ccf-b7a9-8950cc01d07d,-506.99608942,-2.10206973,0.0001485,0.7849000000000002,-1.7103,-2.4952,-18.3897,0.7849000000000002,-1.7103,-2.4952,-18.3897,19.41351057999998,1.0785283655555544,-3.7555265882962963,1.4385000000000012,2.2234000000000016,1.4385000000000012,2.2234000000000016,0.7849000000000002,0.7849000000000002,-2.4952,-2.4952,-1.7103,-1.7103,1.4385000000000012,1.4385000000000012,2.2234000000000016,2.2234000000000016
GaSe_In5Ga62Se64S3_fe735201-2318-48cd-9ca0-9075d442aade,c46015f0-5c90-4a87-9b7c-10681778dbbd,-499.32531968,-2.38447173,0.0195274,0.4029999999999998,-1.9999,-2.4029,-18.045,0.4010999999999998,-1.9999,-2.401,-18.0449,22.463280319999967,1.2479600177777759,-3.7263083558208954,1.1861000000000033,1.589100000000002,1.187899999999999,1.5889999999999986,0.4010999999999998,0.4029999999999998,-2.4029,-2.401,-1.9999,-1.9999,1.1861000000000033,1.187899999999999,1.5889999999999986,1.589100000000002
GaSe_In5Ga62Se64S4_a1e98275-94b6-4109-8a58-1ce5e33cf890,13ba1914-e741-426c-b5f1-ecf9c34e9e2e,-506.95358243,-2.3244645,0.0079404,0.7095000000000002,-1.6155,-2.325,-17.824,0.7089000000000001,-1.615,-2.3239,-17.824,18.962017569999944,1.0534454205555523,-3.7552117217037035,1.0430000000000028,1.7525000000000013,1.044100000000002,1.7530000000000037,0.7089000000000001,0.7095000000000002,-2.325,-2.3239,-1.6155,-1.615,1.0430000000000028,1.044100000000002,1.7525000000000013,1.7530000000000037
GaSe_In5Ga62Se64S5_c1fdafa2-b38b-4aab-b46e-98e254e6d43d,98a346cf-2b9d-4392-8403-bd492ac02b17,-513.73917688,-1.9005577,0.9403142,0.5350999999999999,-1.4998,-2.0349,-18.1179,0.2845,-1.4818,-1.7663,-18.1173,16.303423119999934,0.9057457288888853,-3.7774939476470584,1.626999999999999,2.162099999999999,1.8949999999999996,2.179500000000001,0.2845,0.5350999999999999,-2.0349,-1.7663,-1.4998,-1.4818,1.626999999999999,1.8949999999999996,2.162099999999999,2.179500000000001
GaSe_In4Ga63Se63S5_21a5a5ad-2067-4f7d-ad40-11351d2eac83,3b9744ab-ad0a-4d37-a7b2-810df6c5542c,-507.70822124,-2.54971487,0.0149129,0.6146000000000003,-1.9785,-2.5931,-18.1401,0.6143000000000001,-1.9785,-2.5928,-18.1401,19.160378759999958,1.0644654866666643,-3.7608016388148147,1.091000000000001,1.7056000000000004,1.0913000000000004,1.7056000000000004,0.6143000000000001,0.6146000000000003,-2.5931,-2.5928,-1.9785,-1.9785,1.091000000000001,1.0913000000000004,1.7056000000000004,1.7056000000000004
GaSe_In5Ga64Se62S5_92e17e8f-04e9-45b6-b9b1-b767a0d3434a,8c52ab81-0e8d-4cd5-beed-70a5b2fb7cb5,-509.88674052,-2.15200144,0.9810455,0.5715999999999999,-1.747,-2.3186,-18.2717,0.2400999999999999,-1.7453,-1.9854,-18.2717,19.237859479999997,1.068769971111111,-3.7491672097058824,1.4970999999999997,2.0686999999999998,1.8303000000000011,2.0703999999999994,0.2400999999999999,0.5715999999999999,-2.3186,-1.9854,-1.747,-1.7453,1.4970999999999997,1.8303000000000011,2.0686999999999998,2.0703999999999994
GaSe_In5Ga62Se64S3_76b42f6c-a7c3-4792-a5b7-4961e6bb2458,c46015f0-5c90-4a87-9b7c-10681778dbbd,-499.94715509,-2.28094373,0.8997243,0.6151999999999997,-1.7837,-2.3989,-18.0891,0.3844000000000001,-1.7787,-2.1631,-18.0867,21.84144490999995,1.2134136061111083,-3.7309489185820897,1.2341999999999995,1.8493999999999993,1.467600000000001,1.8520000000000003,0.3844000000000001,0.6151999999999997,-2.3989,-2.1631,-1.7837,-1.7787,1.2341999999999995,1.467600000000001,1.8493999999999993,1.8520000000000003
GaSe_In5Ga62Se64S5_48380896-689c-4180-a189-2101acd2f945,98a346cf-2b9d-4392-8403-bd492ac02b17,-510.08668874,-2.65457359,1.4727388,1.0053,-1.6619,-2.6672,-18.2321,0.9549000000000004,-1.6601,-2.615,-18.2317,19.955911259999993,1.1086617366666662,-3.7506374172058825,1.1089000000000002,2.1142000000000003,1.1607000000000003,2.1156000000000006,0.9549000000000004,1.0053,-2.6672,-2.615,-1.6619,-1.6601,1.1089000000000002,1.1607000000000003,2.1142000000000003,2.1156000000000006
GaSe_In5Ga62Se64S3_ebb67000-553d-4aa2-a8ec-8f3adf3a754a,c46015f0-5c90-4a87-9b7c-10681778dbbd,-501.00690789,-2.61914897,0.3400379,1.1198,-1.5594,-2.6792,-18.2075,1.0849,-1.5592,-2.6441,-18.2074,20.781692109999994,1.1545384505555552,-3.738857521567164,1.0723000000000003,2.1921,1.1073000000000004,2.1921999999999997,1.0849,1.1198,-2.6792,-2.6441,-1.5594,-1.5592,1.0723000000000003,1.1073000000000004,2.1921,2.1921999999999997
GaSe_In3Ga64Se62S5_0112b05b-371f-4513-a1ae-83ba61f50a32,6aaf0644-68a4-4d8e-91ff-caa828ea0c59,-500.45462471,-2.26557101,0.9956537,0.4982999999999999,-1.9722,-2.4705,-18.3709,0.1023,-1.972,-2.0743,-18.3708,23.23997528999996,1.2911097383333312,-3.7347360052985077,1.4444,1.9426999999999985,1.8404999999999987,1.9427999999999983,0.1023,0.4982999999999999,-2.4705,-2.0743,-1.9722,-1.972,1.4444,1.8404999999999987,1.9426999999999985,1.9427999999999983
GaSe_In5Ga64Se62S5_007eff16-1ca7-49db-bfe9-d45e6646b277,8c52ab81-0e8d-4cd5-beed-70a5b2fb7cb5,-509.82093004,-2.49743678,0.240848,0.7554999999999998,-1.7939,-2.5494,-17.9235,0.7214,-1.7881,-2.5095,-17.9235,19.30366995999998,1.0724261088888878,-3.7486833091176472,0.9181000000000008,1.6736000000000004,0.958000000000002,1.6794000000000011,0.7214,0.7554999999999998,-2.5494,-2.5095,-1.7939,-1.7881,0.9181000000000008,0.958000000000002,1.6736000000000004,1.6794000000000011
GaSe_In3Ga64Se62S5_fe624c19-161a-40e4-91c0-55c62c367751,6aaf0644-68a4-4d8e-91ff-caa828ea0c59,-501.08403222,-2.46800743,0.9070088,0.827,-1.7664,-2.5934,-18.349,0.5932,-1.7643,-2.3575,-18.3489,22.610567779999997,1.2561426544444443,-3.7394330762686567,1.2996000000000016,2.1266,1.535400000000001,2.1286000000000023,0.5932,0.827,-2.5934,-2.3575,-1.7664,-1.7643,1.2996000000000016,1.535400000000001,2.1266,2.1286000000000023
GaSe_In5Ga62Se64S5_9f1c1289-3c5d-49ef-8bcc-2673b1644a69,98a346cf-2b9d-4392-8403-bd492ac02b17,-511.97467489,-2.45886234,0.0659641,0.9128000000000004,-1.5856,-2.4984,-18.168,0.9055,-1.5856,-2.4911,-18.168,18.06792510999992,1.0037736172222178,-3.764519668308824,1.2135999999999996,2.1264000000000003,1.2209000000000003,2.1264000000000003,0.9055,0.9128000000000004,-2.4984,-2.4911,-1.5856,-1.5856,1.2135999999999996,1.2209000000000003,2.1264000000000003,2.1264000000000003
GaSe_In5Ga62Se64S4_d3c2b483-da99-4ab7-8349-1e48f76d8373,13ba1914-e741-426c-b5f1-ecf9c34e9e2e,-504.76590762,-2.31910366,0.9106278,0.778,-1.6618,-2.4398,-18.3065,0.5375999999999999,-1.661,-2.1986,-18.3065,21.14969237999992,1.1749829099999956,-3.7390067231111113,1.4107000000000003,2.1887000000000008,1.6519000000000013,2.189499999999999,0.5375999999999999,0.778,-2.4398,-2.1986,-1.6618,-1.661,1.4107000000000003,1.6519000000000013,2.1887000000000008,2.189499999999999
GaSe_In5Ga62Se64S5_354b8c1c-b51d-49fd-a0fb-d4cc5c93c89b,98a346cf-2b9d-4392-8403-bd492ac02b17,-514.89752258,-2.4348732,0.8944535,0.6997000000000002,-1.8549,-2.5546,-18.0843,0.5439000000000003,-1.8535,-2.3974,-18.0842,15.145077420000007,0.8413931900000003,-3.7860111954411764,1.0736999999999988,1.7733999999999988,1.2307999999999986,1.7746999999999993,0.5439000000000003,0.6997000000000002,-2.5546,-2.3974,-1.8549,-1.8535,1.0736999999999988,1.2307999999999986,1.7733999999999988,1.7746999999999993
GaSe_In5Ga62Se64S3_1757f5db-cde2-4553-b62e-ca903996b8a6,c46015f0-5c90-4a87-9b7c-10681778dbbd,-502.96821107,-2.41578731,0.6991537,0.8308,-1.6759,-2.5067,-18.1774,0.7176999999999998,-1.6749,-2.3926,-18.1774,18.820388929999922,1.0455771627777735,-3.7534941124626866,1.2146999999999988,2.0455000000000005,1.3287999999999993,2.046499999999998,0.7176999999999998,0.8308,-2.5067,-2.3926,-1.6759,-1.6749,1.2146999999999988,1.3287999999999993,2.0455000000000005,2.046499999999998
GaSe_In5Ga63Se63S5_93afceb2-d3ba-4997-8b3f-794b1b46c3dd,c2adcf40-90d5-44fe-b408-3433ef52b544,-512.60819279,-1.97179467,0.0001632,0.7603,-1.5915,-2.3518,-17.9656,0.7603,-1.5915,-2.3518,-17.9656,16.975407209999958,0.943078178333331,-3.7691778881617646,1.1577999999999982,1.918099999999999,1.1577999999999982,1.918099999999999,0.7603,0.7603,-2.3518,-2.3518,-1.5915,-1.5915,1.1577999999999982,1.1577999999999982,1.918099999999999,1.918099999999999
GaSe_In4Ga63Se63S5_7b20d8d7-53f4-49fc-9e5b-0381e6f0c923,3b9744ab-ad0a-4d37-a7b2-810df6c5542c,-508.52292402,-2.3290909,0.8956779,0.5038,-1.9409,-2.4447,-18.0299,0.2765999999999999,-1.937,-2.2136,-18.0298,18.345675979999896,1.0192042211111054,-3.7668364742222225,1.1292000000000009,1.6330000000000027,1.3602000000000025,1.636800000000001,0.2765999999999999,0.5038,-2.4447,-2.2136,-1.9409,-1.937,1.1292000000000009,1.3602000000000025,1.6330000000000027,1.636800000000001
GaSe_In5Ga62Se64S4_6f4f0032-7f02-458d-bb5a-72885b848f1b,13ba1914-e741-426c-b5f1-ecf9c34e9e2e,-509.0217843,-2.5156675,0.3888901,1.1239,-1.4523,-2.5762,-18.323,1.0718,-1.4493,-2.5211,-18.323,16.893815700000005,0.938545316666667,-3.770531735555555,1.2908000000000008,2.4147,1.3459000000000003,2.4177,1.0718,1.1239,-2.5762,-2.5211,-1.4523,-1.4493,1.2908000000000008,1.3459000000000003,2.4147,2.4177
GaSe_In4Ga63Se63S5_a2d560c2-e5f3-4519-8f95-05da1f3aef62,3b9744ab-ad0a-4d37-a7b2-810df6c5542c,-508.70230597,-2.5856036,0.5887876,0.7592999999999999,-1.9161,-2.6754,-18.2506,0.6555,-1.9133,-2.5688,-18.2508,18.166294029999904,1.009238557222217,-3.7681652294074075,1.1191999999999993,1.878499999999999,1.2260000000000026,1.8815000000000026,0.6555,0.7592999999999999,-2.6754,-2.5688,-1.9161,-1.9133,1.1191999999999993,1.2260000000000026,1.878499999999999,1.8815000000000026
GaSe_In3Ga64Se62S5_fec3db0f-df7b-423f-81d3-385984253259,6aaf0644-68a4-4d8e-91ff-caa828ea0c59,-503.21338543,-2.26333634,0.9235384,0.4424999999999999,-1.9468,-2.3893,-18.0751,0.1995,-1.9379,-2.1374,-18.075,20.481214569999906,1.1378452538888837,-3.7553237718656716,1.2297999999999991,1.6723,1.4816000000000003,1.6811000000000007,0.1995,0.4424999999999999,-2.3893,-2.1374,-1.9468,-1.9379,1.2297999999999991,1.4816000000000003,1.6723,1.6811000000000007
GaSe_In5Ga62Se64S5_cdce5395-1283-4036-ae9e-0e6116658526,98a346cf-2b9d-4392-8403-bd492ac02b17,-512.73357423,-2.58497184,0.3825861,1.1885,-1.4523,-2.6408,-18.0832,1.139,-1.4483,-2.5873,-18.0832,17.309025769999835,0.9616125427777686,-3.770099810514706,0.9864000000000015,2.174900000000001,1.039900000000003,2.1789000000000023,1.139,1.1885,-2.6408,-2.5873,-1.4523,-1.4483,0.9864000000000015,1.039900000000003,2.174900000000001,2.1789000000000023
GaSe_In5Ga63Se63S4_3aa2b0e3-f83d-4042-9044-4971c73afbec,d7946a7f-93a6-451c-bec8-b4082ea6945a,-504.86292453,-2.20222739,0.0002079,0.2105999999999999,-1.725,-1.9356,-18.1988,0.2105999999999999,-1.725,-1.9356,-18.1988,20.593675469999994,1.1440930816666663,-3.7397253668888886,1.8071999999999981,2.0177999999999976,1.8071999999999981,2.0177999999999976,0.2105999999999999,0.2105999999999999,-1.9356,-1.9356,-1.725,-1.725,1.8071999999999981,1.8071999999999981,2.0177999999999976,2.0177999999999976
GaSe_In3Ga64Se62S5_31c2cc2e-65dc-4df1-8705-230d74b3e864,6aaf0644-68a4-4d8e-91ff-caa828ea0c59,-503.5363894,-2.58425258,0.17692,1.0071,-1.6166,-2.6237,-18.1503,0.9832,-1.6165,-2.5997,-18.1503,20.15821059999996,1.1199005888888867,-3.7577342492537316,1.0706000000000024,2.0777000000000037,1.0946000000000016,2.0778000000000034,0.9832,1.0071,-2.6237,-2.5997,-1.6166,-1.6165,1.0706000000000024,1.0946000000000016,2.0777000000000037,2.0778000000000034
GaSe_In5Ga62Se64S5_d5ab1488-dafa-4cf7-9375-1c8194a3c2fd,98a346cf-2b9d-4392-8403-bd492ac02b17,-514.31653786,-2.31854046,0.0562982,0.6979,-1.6259,-2.3238,-18.1161,0.6897,-1.6253,-2.315,-18.1161,15.72606213999984,0.87367011888888,-3.7817392489705886,1.3362999999999996,2.0341999999999985,1.3451000000000004,2.0348000000000006,0.6897,0.6979,-2.3238,-2.315,-1.6259,-1.6253,1.3362999999999996,1.3451000000000004,2.0341999999999985,2.0348000000000006
GaSe_In5Ga62Se64S3_ddf493fc-25a5-4ed2-8cf1-307b1787387d,c46015f0-5c90-4a87-9b7c-10681778dbbd,-499.22556962,-2.44816577,0.4916843,0.5680000000000001,-1.6555,-2.2235,-18.1773,0.5733999999999999,-1.6502,-2.2236,-18.1773,22.563030379999987,1.253501687777777,-3.7255639523880597,1.4977999999999998,2.0657999999999994,1.4977,2.0710999999999977,0.5680000000000001,0.5733999999999999,-2.2236,-2.2235,-1.6555,-1.6502,1.4977,1.4977999999999998,2.0657999999999994,2.0710999999999977
GaSe_In5Ga62Se64S4_c5b53409-3d77-4957-a27c-118270852d01,13ba1914-e741-426c-b5f1-ecf9c34e9e2e,-506.07518926,-2.25691982,0.6854361,0.6519999999999999,-1.6767,-2.3287,-18.2179,0.5122,-1.673,-2.1852,-18.2178,19.840410739999925,1.1022450411111069,-3.7487051056296297,1.4332000000000011,2.0852000000000004,1.5766000000000027,2.0888000000000027,0.5122,0.6519999999999999,-2.3287,-2.1852,-1.6767,-1.673,1.4332000000000011,1.5766000000000027,2.0852000000000004,2.0888000000000027
GaSe_In5Ga62Se64S5_3e54727e-81ca-4e47-9b75-d6e5e32be609,98a346cf-2b9d-4392-8403-bd492ac02b17,-512.44120211,-2.45990165,0.7965626,0.7710000000000001,-1.7863,-2.5573,-18.0737,0.6198000000000001,-1.7822,-2.402,-18.0738,17.60139788999993,0.9778554383333294,-3.7679500155147054,1.0603999999999996,1.8313999999999986,1.215799999999998,1.8355999999999995,0.6198000000000001,0.7710000000000001,-2.5573,-2.402,-1.7863,-1.7822,1.0603999999999996,1.215799999999998,1.8313999999999986,1.8355999999999995
GaSe_In5Ga62Se64S4_0eed7c2a-350a-4b8b-9d95-faee9bb5eac7,13ba1914-e741-426c-b5f1-ecf9c34e9e2e,-506.55172303,-2.37899267,0.7107518,0.7674999999999998,-1.6872,-2.4547,-18.2121,0.6171999999999997,-1.6866,-2.3038,-18.2121,19.36387696999998,1.0757709427777766,-3.7522349854074073,1.301400000000001,2.0688999999999993,1.452300000000001,2.0695000000000014,0.6171999999999997,0.7674999999999998,-2.4547,-2.3038,-1.6872,-1.6866,1.301400000000001,1.452300000000001,2.0688999999999993,2.0695000000000014
GaSe_In5Ga64Se62S5_77866b10-c8bf-4a01-b054-4793840fa22e,8c52ab81-0e8d-4cd5-beed-70a5b2fb7cb5,-511.33827817,-2.1894097,0.9357096,0.7824000000000002,-1.5384,-2.3208,-18.2142,0.524,-1.5341,-2.0581,-18.2142,17.786321829999906,0.9881289905555504,-3.759840280661765,1.437400000000002,2.219800000000003,1.7001000000000026,2.2241000000000035,0.524,0.7824000000000002,-2.3208,-2.0581,-1.5384,-1.5341,1.437400000000002,1.7001000000000026,2.219800000000003,2.2241000000000035
GaSe_In4Ga64Se62S5_077d8625-8cd1-4dc2-9168-a5ca5371923b,1646f6af-5b7d-4ccf-b7a9-8950cc01d07d,-509.28687192,-2.21284514,0.0002439,0.3167000000000002,-1.7307,-2.0474,-18.1698,0.3167000000000002,-1.7307,-2.0474,-18.1698,17.122728079999888,0.9512626711111049,-3.7724953475555556,1.6663999999999994,1.9831000000000003,1.6663999999999994,1.9831000000000003,0.3167000000000002,0.3167000000000002,-2.0474,-2.0474,-1.7307,-1.7307,1.6663999999999994,1.6663999999999994,1.9831000000000003,1.9831000000000003
GaSe_In5Ga62Se64S5_66400fce-7916-40e4-be14-e7e38f94662d,98a346cf-2b9d-4392-8403-bd492ac02b17,-511.53539009,-2.46704329,0.0019954,0.7825000000000002,-1.6936,-2.4761,-18.2707,0.7824000000000002,-1.6935,-2.4759,-18.2707,18.507209909999915,1.0281783283333286,-3.761289633014706,1.3386000000000013,2.121100000000002,1.3388000000000027,2.1212000000000018,0.7824000000000002,0.7825000000000002,-2.4761,-2.4759,-1.6936,-1.6935,1.3386000000000013,1.3388000000000027,2.121100000000002,2.1212000000000018
GaSe_In3Ga64Se62S5_9ccad9db-c21f-486d-b587-a8cd74d41171,6aaf0644-68a4-4d8e-91ff-caa828ea0c59,-501.84672957,-2.60860242,0.5441097,0.6008,-2.0773,-2.6781,-18.3084,0.5373000000000001,-2.0743,-2.6116,-18.3084,21.847870429999944,1.2137705794444413,-3.7451248475373133,1.1742999999999988,1.7750999999999983,1.2408000000000001,1.7780999999999985,0.5373000000000001,0.6008,-2.6781,-2.6116,-2.0773,-2.0743,1.1742999999999988,1.2408000000000001,1.7750999999999983,1.7780999999999985
GaSe_In3Ga64Se62S5_2acad14e-bfe2-42f5-b3de-4afbafb71bb0,6aaf0644-68a4-4d8e-91ff-caa828ea0c59,-501.69915011,-2.11529771,0.9997312,0.6694000000000002,-1.7124,-2.3818,-18.2861,0.1382000000000001,-1.7106,-1.8488,-18.2862,21.995449889999918,1.2219694383333288,-3.744023508283582,1.4483000000000015,2.117700000000003,1.9814000000000007,2.119600000000002,0.1382000000000001,0.6694000000000002,-2.3818,-1.8488,-1.7124,-1.7106,1.4483000000000015,1.9814000000000007,2.117700000000003,2.119600000000002
GaSe_In5Ga62Se64S3_a4f241ac-5fd0-4a92-be2b-94f3dc183a70,c46015f0-5c90-4a87-9b7c-10681778dbbd,-500.70868748,-1.98120231,0.7994309,0.2046000000000001,-1.634,-1.8386,-17.9734,0.2063999999999999,-1.6303,-1.8367,-17.9732,21.079912519999993,1.1711062511111108,-3.736631996119403,1.6788000000000025,1.8834000000000017,1.6804999999999986,1.8869000000000007,0.2046000000000001,0.2063999999999999,-1.8386,-1.8367,-1.634,-1.6303,1.6788000000000025,1.6804999999999986,1.8834000000000017,1.8869000000000007
GaSe_In5Ga62Se64S4_59985fb3-75f3-49b2-9bbf-0876bac30079,13ba1914-e741-426c-b5f1-ecf9c34e9e2e,-506.12525495,-2.59745353,0.4374042,0.9027,-1.7756,-2.6783,-18.2575,0.8311999999999997,-1.7754,-2.6066,-18.2574,19.790345049999928,1.099463613888885,-3.7490759625925927,1.1232000000000006,2.0259,1.1948000000000008,2.026,0.8311999999999997,0.9027,-2.6783,-2.6066,-1.7756,-1.7754,1.1232000000000006,1.1948000000000008,2.0259,2.026
GaSe_In3Ga64Se62S5_b94d5e5b-ec87-4926-98ba-5033dd13a2fd,6aaf0644-68a4-4d8e-91ff-caa828ea0c59,-501.04502574,-2.4336442,0.0013689,0.8631000000000002,-1.5776,-2.4407,-18.3264,0.8629000000000002,-1.5776,-2.4405,-18.3264,22.649574259999895,1.2583096811111052,-3.7391419831343287,1.4297000000000004,2.2927999999999997,1.4299,2.2927999999999997,0.8629000000000002,0.8631000000000002,-2.4407,-2.4405,-1.5776,-1.5776,1.4297000000000004,1.4299,2.2927999999999997,2.2927999999999997
GaSe_In5Ga62Se64S3_66617a53-3e1f-4280-9234-cd4eb822be9b,c46015f0-5c90-4a87-9b7c-10681778dbbd,-498.26712621,-2.47676801,0.1351368,0.8506,-1.6646,-2.5152,-18.0444,0.8312000000000002,-1.6636,-2.4948,-18.0443,23.52147378999996,1.3067485438888866,-3.7184113896268656,1.0732,1.9238,1.0935000000000006,1.9247000000000014,0.8312000000000002,0.8506,-2.5152,-2.4948,-1.6646,-1.6636,1.0732,1.0935000000000006,1.9238,1.9247000000000014
GaSe_In5Ga64Se62S5_27f0be13-01c2-4709-9dfe-9ecd99822755,8c52ab81-0e8d-4cd5-beed-70a5b2fb7cb5,-511.22772177,-2.26295988,0.4446542,0.5788000000000002,-1.7262,-2.305,-17.986,0.5145,-1.7075,-2.222,-17.986,17.89687822999997,0.9942710127777761,-3.7590273659558826,1.2250000000000014,1.8038000000000025,1.3080000000000016,1.8225000000000016,0.5145,0.5788000000000002,-2.305,-2.222,-1.7262,-1.7075,1.2250000000000014,1.3080000000000016,1.8038000000000025,1.8225000000000016
GaSe_In5Ga62Se64S5_10f754e0-5d78-4b95-9efa-88fb2aaa8d74,98a346cf-2b9d-4392-8403-bd492ac02b17,-511.54195522,-2.67669716,1.3085698,1.2569,-1.438,-2.6949,-18.2475,1.1996000000000002,-1.4356,-2.6352,-18.2476,18.500644779999902,1.0278135988888835,-3.7613379060294116,1.0965999999999987,2.3535000000000004,1.1563999999999979,2.355999999999998,1.1996000000000002,1.2569,-2.6949,-2.6352,-1.438,-1.4356,1.0965999999999987,1.1563999999999979,2.3535000000000004,2.355999999999998
GaSe_In5Ga62Se64S3_9e44c20d-2b5b-4b27-ad37-be2bd6f6e36c,c46015f0-5c90-4a87-9b7c-10681778dbbd,-498.81163461,-2.52849268,0.3420743,0.7238000000000002,-1.863,-2.5868,-18.4026,0.6656000000000002,-1.8629,-2.5285,-18.4026,22.97696538999992,1.2764980772222176,-3.7224748851492535,1.3598,2.0836000000000006,1.418099999999999,2.0837000000000003,0.6656000000000002,0.7238000000000002,-2.5868,-2.5285,-1.863,-1.8629,1.3598,1.418099999999999,2.0836000000000006,2.0837000000000003
GaSe_In3Ga64Se62S5_c62057c8-a9df-4fe6-af6c-4f383fc1cac2,6aaf0644-68a4-4d8e-91ff-caa828ea0c59,-500.27729609,-2.41845843,0.9397284,0.4657,-2.0914,-2.5571,-18.1962,0.3004000000000002,-2.0887,-2.3891,-18.1962,23.417303909999987,1.3009613283333326,-3.7334126573880595,1.1831000000000014,1.6488000000000014,1.3511000000000024,1.6515000000000022,0.3004000000000002,0.4657,-2.5571,-2.3891,-2.0914,-2.0887,1.1831000000000014,1.3511000000000024,1.6488000000000014,1.6515000000000022
GaSe_In5Ga63Se63S4_d3f1e38b-4803-4d67-81f1-c55d26ff7b0a,d7946a7f-93a6-451c-bec8-b4082ea6945a,-505.98113222,-2.23455985,0.0002659,0.3253999999999999,-1.7655,-2.0909,-18.2414,0.3253999999999999,-1.7655,-2.0909,-18.2414,19.475467779999917,1.0819704322222177,-3.748008386814815,1.694499999999998,2.0199,1.694499999999998,2.0199,0.3253999999999999,0.3253999999999999,-2.0909,-2.0909,-1.7655,-1.7655,1.694499999999998,1.694499999999998,2.0199,2.0199
GaSe_In4Ga63Se63S4_a2e9be3f-8600-4436-8ff6-c28e9ecb16df,8f9a01e9-b2bc-44ec-99a8-bb818d3bbb79,-501.06153312,-2.51173791,0.8854861,0.5960000000000001,-2.0467,-2.6427,-18.0645,0.4262999999999999,-2.0464,-2.4727,-18.0645,21.680066879999913,1.2044481599999952,-3.7392651725373134,0.9657999999999998,1.561799999999998,1.1357999999999997,1.5620999999999974,0.4262999999999999,0.5960000000000001,-2.6427,-2.4727,-2.0467,-2.0464,0.9657999999999998,1.1357999999999997,1.561799999999998,1.5620999999999974
GaSe_In4Ga64Se62S5_965fc2a1-eb37-462b-b777-5defa3151ecb,1646f6af-5b7d-4ccf-b7a9-8950cc01d07d,-506.55778818,-2.08995019,0.0001888,0.8476000000000001,-1.6659,-2.5135,-18.1224,0.8476000000000001,-1.6659,-2.5135,-18.1224,19.851811819999966,1.1028784344444427,-3.752279912444444,1.152899999999999,2.000499999999999,1.152899999999999,2.000499999999999,0.8476000000000001,0.8476000000000001,-2.5135,-2.5135,-1.6659,-1.6659,1.152899999999999,1.152899999999999,2.000499999999999,2.000499999999999
GaSe_In5Ga62Se64S5_5be1b569-c84e-4b55-b83d-8fa5dec95de4,98a346cf-2b9d-4392-8403-bd492ac02b17,-512.80397969,-2.50908879,0.6854116,0.8425,-1.7535,-2.596,-17.9524,0.7137,-1.7528,-2.4665,-17.9523,17.238620309999988,0.9577011283333327,-3.7706174977205884,0.9004000000000012,1.7429000000000023,1.0298000000000016,1.743500000000001,0.7137,0.8425,-2.596,-2.4665,-1.7535,-1.7528,0.9004000000000012,1.0298000000000016,1.7429000000000023,1.743500000000001
GaSe_In5Ga62Se64S4_cdf84170-808c-400a-afb8-4e474610efac,13ba1914-e741-426c-b5f1-ecf9c34e9e2e,-506.66989109,-2.28267951,0.1886723,0.6821000000000002,-1.6166,-2.2987,-18.0821,0.6503000000000001,-1.6164,-2.2667,-18.0817,19.245708909999962,1.0692060505555534,-3.7531103043703706,1.3274000000000008,2.009499999999999,1.3590000000000018,2.009300000000003,0.6503000000000001,0.6821000000000002,-2.2987,-2.2667,-1.6166,-1.6164,1.3274000000000008,1.3590000000000018,2.009300000000003,2.009499999999999
GaSe_In5Ga62Se64S5_eac2a1a2-547f-4afd-9174-b5029f453057,98a346cf-2b9d-4392-8403-bd492ac02b17,-511.96735587,-2.54431234,0.4331952,0.9216000000000002,-1.686,-2.6076,-18.2236,0.8798999999999999,-1.6853,-2.5652,-18.2236,18.075244129999874,1.0041802294444375,-3.7644658519852943,1.160000000000002,2.0816000000000017,1.2024000000000008,2.0823,0.8798999999999999,0.9216000000000002,-2.6076,-2.5652,-1.686,-1.6853,1.160000000000002,1.2024000000000008,2.0816000000000017,2.0823
GaSe_In5Ga64Se62S5_a0934f1e-ade3-4261-8bff-3d978a13f2f9,8c52ab81-0e8d-4cd5-beed-70a5b2fb7cb5,-510.33732548,-2.4089295,0.1917829,0.7621,-1.6838,-2.4459,-18.1549,0.7331999999999999,-1.6815,-2.4147,-18.1548,18.787274519999983,1.0437374733333324,-3.7524803344117648,1.253000000000002,2.0151000000000003,1.2841000000000022,2.0173000000000023,0.7331999999999999,0.7621,-2.4459,-2.4147,-1.6838,-1.6815,1.253000000000002,1.2841000000000022,2.0151000000000003,2.0173000000000023
GaSe_In4Ga64Se62S5_b13333ce-2655-424e-9c99-65cb2e7d6022,1646f6af-5b7d-4ccf-b7a9-8950cc01d07d,-505.503452,-2.32040266,0.000208,0.5696999999999999,-1.4831,-2.0528,-18.249,0.5696999999999999,-1.4831,-2.0528,-18.249,20.906147999999916,1.161452666666662,-3.744470014814815,1.740199999999998,2.309899999999999,1.740199999999998,2.309899999999999,0.5696999999999999,0.5696999999999999,-2.0528,-2.0528,-1.4831,-1.4831,1.740199999999998,1.740199999999998,2.309899999999999,2.309899999999999
GaSe_In5Ga64Se62S5_5bfd8ef1-b042-4e03-951b-6652d8e21b3b,8c52ab81-0e8d-4cd5-beed-70a5b2fb7cb5,-510.72686988,-2.36163648,0.2638233,0.6534000000000002,-1.7503,-2.4037,-18.0638,0.6395,-1.75,-2.3895,-18.0638,18.397730120000006,1.022096117777778,-3.7553446314705883,1.2041000000000004,1.8575000000000017,1.218300000000001,1.857800000000001,0.6395,0.6534000000000002,-2.4037,-2.3895,-1.7503,-1.75,1.2041000000000004,1.218300000000001,1.8575000000000017,1.857800000000001
GaSe_In5Ga63Se63S4_e8515e81-b26c-4dba-8352-d89c5c4ce8bd,d7946a7f-93a6-451c-bec8-b4082ea6945a,-504.39889867,-2.05140167,0.000119,0.7507000000000001,-1.6757,-2.4264,-17.9833,0.7507000000000001,-1.6757,-2.4264,-17.9834,21.057701329999986,1.1698722961111103,-3.7362881382962962,1.1008999999999993,1.8516000000000012,1.100999999999999,1.851700000000001,0.7507000000000001,0.7507000000000001,-2.4264,-2.4264,-1.6757,-1.6757,1.1008999999999993,1.100999999999999,1.8516000000000012,1.851700000000001
GaSe_In5Ga63Se63S5_7368b531-c505-455a-abb7-079e723b29fd,c2adcf40-90d5-44fe-b408-3433ef52b544,-513.09079412,-2.02473141,0.0001861,0.7532000000000001,-1.6482,-2.4014,-18.2984,0.7532000000000001,-1.6482,-2.4014,-18.2984,16.492805879999878,0.9162669933333265,-3.7727264273529415,1.4410000000000007,2.194200000000002,1.4410000000000007,2.194200000000002,0.7532000000000001,0.7532000000000001,-2.4014,-2.4014,-1.6482,-1.6482,1.4410000000000007,1.4410000000000007,2.194200000000002,2.194200000000002
GaSe_In5Ga62Se64S5_6b7162dd-d167-4624-ae0e-d1827cf87202,98a346cf-2b9d-4392-8403-bd492ac02b17,-513.11382067,-2.5142635,1.2733679,0.6142999999999998,-1.8562,-2.4705,-17.9676,0.2815000000000003,-2.1872,-2.4687,-17.9676,16.928779329999998,0.9404877405555554,-3.772895740220588,1.041100000000002,1.6554000000000002,1.0429000000000013,1.3244000000000007,0.2815000000000003,0.6142999999999998,-2.4705,-2.4687,-2.1872,-1.8562,1.041100000000002,1.0429000000000013,1.3244000000000007,1.6554000000000002
GaSe_In5Ga62Se64S5_eeb5b123-ce17-4dfe-a360-da8ecec87e28,98a346cf-2b9d-4392-8403-bd492ac02b17,-511.87301148,-2.24246582,0.9896877,0.3707,-1.6783,-2.049,-18.2005,0.3659000000000001,-1.6775,-2.0434,-18.2004,18.169588519999934,1.0094215844444407,-3.763772143235294,1.6955000000000027,2.066200000000002,1.700999999999997,2.0669000000000004,0.3659000000000001,0.3707,-2.049,-2.0434,-1.6783,-1.6775,1.6955000000000027,1.700999999999997,2.066200000000002,2.0669000000000004
GaSe_In3Ga64Se62S5_acd4bc3a-cd62-4efd-a492-88cea0b0ce81,6aaf0644-68a4-4d8e-91ff-caa828ea0c59,-505.06406738,-2.63564784,0.161405,0.9442,-1.7473,-2.6915,-18.1161,0.9229,-1.7472,-2.6701,-18.1161,18.63053261999994,1.0350295899999966,-3.76913483119403,0.9686000000000003,1.9128000000000007,0.9900000000000002,1.9129000000000005,0.9229,0.9442,-2.6915,-2.6701,-1.7473,-1.7472,0.9686000000000003,0.9900000000000002,1.9128000000000007,1.9129000000000005
GaSe_In5Ga63Se63S5_754f13d2-045f-48eb-8605-e20c9cc3ee59,c2adcf40-90d5-44fe-b408-3433ef52b544,-510.36718606,-2.05775443,0.0001736,0.6844999999999999,-1.7157,-2.4002,-18.1978,0.6844999999999999,-1.7157,-2.4002,-18.1978,19.21641393999994,1.0675785522222188,-3.7526998975,1.3416000000000015,2.026100000000003,1.3416000000000015,2.026100000000003,0.6844999999999999,0.6844999999999999,-2.4002,-2.4002,-1.7157,-1.7157,1.3416000000000015,1.3416000000000015,2.026100000000003,2.026100000000003
GaSe_In5Ga62Se64S4_ee1f168a-b3a3-4b64-9eb7-d60e617242b6,13ba1914-e741-426c-b5f1-ecf9c34e9e2e,-505.49370082,-2.60177253,0.4794002,0.8808000000000002,-1.7971,-2.6779,-18.0552,0.8049000000000002,-1.797,-2.6019,-18.0552,20.42189917999997,1.1345499544444426,-3.744397783851852,0.9212999999999987,1.8020999999999994,0.9972999999999992,1.8021999999999991,0.8049000000000002,0.8808000000000002,-2.6779,-2.6019,-1.7971,-1.797,0.9212999999999987,0.9972999999999992,1.8020999999999994,1.8021999999999991
GaSe_In5Ga62Se64S3_8a7fb7ad-19e5-4eb4-a7d1-7cd958f2f6bf,c46015f0-5c90-4a87-9b7c-10681778dbbd,-503.23345163,-2.16123237,0.9350235,0.8962000000000001,-1.3961,-2.2923,-17.7976,0.6407999999999998,-1.3894,-2.0302,-17.7975,18.555148369999984,1.0308415761111103,-3.755473519626866,1.0492999999999988,1.9454999999999991,1.3112999999999992,1.9521000000000015,0.6407999999999998,0.8962000000000001,-2.2923,-2.0302,-1.3961,-1.3894,1.0492999999999988,1.3112999999999992,1.9454999999999991,1.9521000000000015
GaSe_In5Ga63Se63S5_8f5a672b-44dc-4bfa-aa52-4ce177f39b3b,c2adcf40-90d5-44fe-b408-3433ef52b544,-513.20689119,-2.09219656,0.0002587,0.8702000000000001,-1.6568,-2.527,-17.9507,0.8702999999999999,-1.6568,-2.5271,-17.9507,16.37670880999997,0.9098171561111094,-3.7735800822794117,0.9677000000000007,1.8379000000000012,0.9676000000000009,1.8379000000000012,0.8702000000000001,0.8702999999999999,-2.5271,-2.527,-1.6568,-1.6568,0.9676000000000009,0.9677000000000007,1.8379000000000012,1.8379000000000012
GaSe_In5Ga62Se64S5_824c2c75-9441-4bfe-9c19-62511568e1c5,98a346cf-2b9d-4392-8403-bd492ac02b17,-513.24210469,-2.03306608,0.9823403,0.6852,-1.517,-2.2022,-18.2572,0.3492999999999999,-1.5146,-1.8639,-18.2549,16.80049530999986,0.9333608505555477,-3.7738390050735298,1.5990000000000002,2.284200000000002,1.9349999999999987,2.284299999999998,0.3492999999999999,0.6852,-2.2022,-1.8639,-1.517,-1.5146,1.5990000000000002,1.9349999999999987,2.284200000000002,2.284299999999998
